6
5
31 32 6 13 7
14 50 34 4 31
5
43 26 22 11 30
26 4 41 46 49
5
36 40 49 19 37
18 11 48 15 33
5
16 3 24 21 21
24 31 36 49 50
3
3 5 5
8 10 10
12
32 13 16 42 36 6 6 41 39 38 42 30 
41 36 33 22 47 43 26 14 39 37 40 5 
1
8
7 4 4 5 3 9 2 4 
4 6 4 9 10 9 5 3 
1
7
7 3 1 3 9 2 1 
4 8 6 3 9 5 6 
1
50
22 24 10 59 11 42 40 93 6 90 76 50 64 78 71 35 100 41 42 95 64 3 9 11 46 91 30 93 90 29 54 11 5 16 21 15 57 12 59 62 53 34 12 68 63 34 2 14 74 43 
8 90 46 16 100 43 7 81 88 96 9 41 58 65 56 78 31 13 42 89 74 94 74 37 62 36 70 63 49 44 6 9 33 3 24 84 45 30 64 32 77 24 73 34 41 28 64 71 92 5 
