44 427
58
14 11 25 25 9 12 192 166 152 84 52 118 144 93 177 139 143 113 171 25 7 14 134 19 193 46 75 163 61 184 14 28 86 119 31 147 139 183 180 3 98 167 141 118 13 65 71 151 183 166 126 108 94 152 47 110 159 189
95
137 115 45 58 167 197 154 200 157 39 154 156 69 12 66 130 23 87 67 169 121 126 27 82 170 29 164 27 186 177 57 160 186 176 59 98 169 38 199 170 137 147 28 155 120 168 139 80 17 179 187 93 45 99 56 80 193 172 149 88 97 45 99 176 36 22 135 119 65 189 104 171 189 100 165 144 144 81 92 108 152 116 93 108 85 58 157 83 130 200 125 51 74 53 200
63
119 116 186 19 139 187 5 10 165 168 87 49 162 96 158 54 135 135 37 78 178 88 197 127 50 59 87 27 62 175 141 90 57 45 42 17 26 196 172 171 86 73 193 191 1 108 77 172 104 100 98 155 81 89 146 157 39 29 169 63 194 175 137
98
162 71 65 64 25 41 15 24 26 177 93 173 118 172 72 25 159 115 115 109 34 148 12 104 199 168 45 171 54 106 74 117 197 24 19 68 186 80 111 164 96 46 41 63 70 6 16 142 138 35 12 4 147 78 141 187 185 140 173 51 126 193 69 32 6 22 193 9 191 103 122 56 154 106 52 88 198 50 74 155 1 68 46 4 102 181 21 18 198 137 66 105 34 57 92 74 139 114
50
146 93 146 159 18 171 59 97 14 161 10 104 102 115 4 36 38 44 131 53 112 63 176 36 124 33 117 18 39 76 28 103 117 108 92 93 130 191 165 6 96 183 39 86 47 3 18 19 2 36
54
36 41 72 64 160 84 159 31 33 23 123 199 162 199 119 180 139 196 169 143 22 37 39 17 135 62 168 81 163 63 84 2 20 194 51 6 163 11 132 192 199 168 65 157 50 52 188 156 90 10 157 115 197 138
54
36 182 158 71 152 147 16 66 140 190 193 200 70 109 12 178 61 160 6 85 36 21 189 179 105 60 46 158 7 66 6 5 74 181 160 111 25 68 4 101 110 108 176 35 62 100 75 185 144 16 190 17 78 64
79
35 49 142 171 142 67 169 200 118 32 129 91 104 186 80 18 39 24 146 186 100 190 132 52 88 20 71 45 194 25 48 17 68 185 12 2 57 183 115 147 153 31 92 25 176 14 169 155 15 136 127 92 132 159 169 179 151 136 20 48 188 76 46 194 168 143 65 4 143 21 14 16 97 87 41 169 153 164 80
70
69 103 147 52 196 46 142 81 125 133 152 151 109 4 99 95 18 144 54 151 180 49 163 153 22 96 108 94 56 180 143 127 66 144 84 148 87 84 127 39 136 104 188 148 188 10 4 123 41 84 124 116 122 92 148 180 198 127 19 48 23 5 115 160 160 17 115 183 59 70
74
167 188 56 187 194 42 171 96 54 102 158 156 73 4 193 45 27 119 170 60 57 51 175 135 191 69 181 116 104 107 17 175 138 134 7 77 187 108 61 61 22 110 63 150 44 84 52 121 184 48 163 134 117 187 184 92 186 135 50 59 88 44 133 137 185 142 104 82 68 21 76 118 48 53
82
64 75 138 81 22 72 85 23 72 147 24 142 127 61 107 95 121 15 36 113 190 181 63 27 30 123 64 196 138 121 195 83 167 121 100 65 73 42 43 198 10 154 182 76 29 163 55 62 48 134 105 151 30 132 83 188 3 185 109 99 184 6 37 52 92 143 31 178 185 109 165 136 116 24 98 79 55 167 168 75 97 32
74
122 155 113 87 82 173 102 153 170 57 37 18 90 170 64 41 46 52 199 78 151 42 23 153 26 42 92 36 86 168 46 63 8 189 194 191 159 140 62 69 118 183 98 56 152 179 140 82 106 76 110 129 158 1 140 95 131 7 134 43 141 82 151 52 107 165 169 28 196 125 180 17 104 113
62
190 27 57 19 123 108 68 13 165 57 76 159 182 34 64 150 191 25 175 118 153 38 65 9 97 103 97 36 188 138 154 160 46 36 8 58 101 151 44 65 149 65 172 106 90 71 191 138 173 147 111 66 34 89 109 128 63 103 58 75 46 149
77
158 137 72 151 76 73 64 96 22 152 8 156 186 24 149 152 143 27 72 2 7 10 122 168 57 145 169 40 170 170 101 162 107 15 52 11 74 164 132 198 123 153 153 191 55 137 162 168 70 39 95 51 103 118 152 48 157 10 192 5 71 2 77 42 52 44 193 183 24 40 15 149 33 173 77 8 97
92
132 138 113 149 130 163 199 143 138 5 140 165 94 196 97 194 54 131 184 56 70 75 54 115 30 11 148 165 66 30 51 72 88 13 47 154 43 200 163 150 157 125 139 149 103 70 86 2 23 22 30 126 124 191 182 61 112 176 121 167 72 35 131 51 177 10 67 37 44 13 70 179 137 164 58 146 170 152 192 142 78 141 133 168 87 18 148 126 135 152 191 107
66
99 169 179 52 89 49 167 108 195 153 92 34 103 94 72 150 125 35 71 194 129 81 126 153 196 188 80 2 113 11 43 62 153 152 93 64 137 127 85 4 93 198 14 94 27 70 23 142 14 97 169 14 147 195 21 200 31 118 171 8 148 163 61 62 106 134
61
19 77 193 7 100 123 176 161 11 31 39 31 55 8 198 180 127 57 82 103 82 44 105 116 154 15 112 42 41 187 54 71 90 186 97 155 38 57 3 160 6 55 168 40 83 107 66 73 124 185 110 172 6 42 48 67 57 62 29 197 73
74
28 103 31 117 22 127 11 121 193 180 73 63 73 127 174 145 87 18 120 50 71 199 188 107 129 101 108 162 128 118 29 136 33 186 141 35 180 70 176 91 4 186 34 180 102 38 47 11 137 3 185 81 64 53 114 13 80 169 30 102 39 15 198 64 107 180 133 166 132 28 89 170 83 41
58
18 59 126 83 134 37 144 112 29 179 102 194 193 196 29 18 77 158 97 155 99 63 193 187 165 32 107 14 90 162 28 156 63 115 187 196 115 140 26 80 80 169 97 196 76 8 183 60 100 24 191 47 19 75 35 174 43 69
82
58 178 112 62 191 152 82 146 58 41 141 99 21 176 59 142 78 50 125 37 119 57 126 29 155 67 138 99 20 41 23 178 180 3 82 8 50 45 175 13 181 179 34 116 26 91 164 45 62 13 35 76 163 143 148 114 148 10 156 178 86 94 171 109 153 150 5 16 161 53 89 180 39 8 23 3 41 30 21 177 89 121
56
125 5 115 69 79 180 133 132 155 136 116 82 53 140 197 150 48 151 5 174 156 108 23 194 169 187 63 35 140 166 128 88 153 176 158 41 91 161 57 133 77 154 31 129 188 152 21 185 196 187 157 185 143 108 143 190
88
47 62 62 73 24 191 118 145 159 170 15 19 70 187 96 59 160 86 66 99 176 62 180 57 64 171 195 28 98 54 125 39 110 200 115 77 48 74 138 154 24 23 56 157 22 181 159 36 189 108 197 92 199 24 181 19 193 168 22 58 1 155 183 174 137 119 110 69 167 163 86 10 112 187 149 7 59 144 83 94 18 29 139 145 168 125 154 58
70
67 50 176 129 59 113 72 143 42 76 46 87 196 153 68 147 3 190 174 69 118 7 97 157 42 13 188 156 2 195 101 90 89 106 105 101 25 161 10 111 65 175 138 110 12 36 96 91 126 149 132 39 76 70 56 41 133 8 130 167 133 137 21 72 30 105 122 3 15 98
94
63 27 100 5 4 83 19 96 53 16 136 173 155 115 152 94 124 75 19 165 10 81 193 171 186 180 48 14 196 53 47 96 67 152 23 131 172 30 183 20 10 102 22 115 173 30 94 34 34 39 188 48 173 38 170 121 180 198 33 174 121 64 71 167 146 74 67 3 26 51 96 197 146 52 35 9 188 66 157 27 150 192 26 104 185 89 198 86 85 39 126 123 115 72
68
86 129 111 29 28 172 146 137 70 37 131 5 3 132 110 159 199 187 103 7 77 175 4 94 179 22 81 183 153 94 93 127 2 34 132 77 101 120 18 92 28 169 81 34 118 168 113 170 2 197 188 38 168 108 168 55 50 161 111 113 69 154 68 191 163 57 95 172
85
91 28 52 105 32 87 161 77 110 19 72 58 145 158 129 68 56 122 146 26 130 33 118 103 172 119 43 61 15 8 142 82 22 121 123 27 61 181 88 148 28 18 195 160 31 30 52 136 182 103 133 157 78 12 65 53 117 48 14 129 37 47 169 127 87 137 75 87 153 19 165 68 18 107 67 19 77 177 20 36 21 136 59 49 77
100
70 146 160 159 51 131 78 33 10 36 11 156 199 16 195 134 86 183 98 163 98 196 5 116 67 137 103 138 142 20 10 187 128 155 195 10 24 84 89 71 136 147 146 126 1 8 79 108 184 86 111 158 9 66 123 53 132 130 23 163 2 188 116 171 30 95 156 51 2 125 20 32 73 162 54 161 48 147 123 188 96 179 43 137 25 182 4 49 1 76 21 142 182 52 145 96 148 86 109 157
50
190 159 169 44 86 96 119 15 63 120 7 103 183 53 72 61 163 149 139 14 135 194 2 35 98 7 129 27 98 3 40 52 185 100 18 78 58 150 61 163 63 145 55 167 14 182 25 111 94 107
70
28 42 108 161 139 16 91 134 87 60 7 183 41 121 40 41 66 77 42 120 130 26 48 123 178 68 90 124 75 101 188 14 38 22 124 158 162 32 107 101 84 120 104 184 170 105 10 134 168 67 159 179 187 193 130 113 71 75 182 28 53 176 181 76 97 145 195 31 89 137
74
16 172 40 134 179 132 13 122 196 155 6 62 136 163 36 97 126 132 87 104 41 104 167 52 148 197 13 117 154 103 23 148 76 154 18 186 97 102 12 74 174 97 125 56 17 157 63 5 71 29 16 2 9 73 11 136 55 41 67 32 164 181 26 34 153 126 161 149 129 149 105 172 14 158
73
37 65 127 163 84 132 42 37 4 140 141 110 174 15 117 191 136 86 186 1 162 173 171 67 86 85 36 127 90 89 183 147 118 1 197 122 46 69 111 26 104 58 132 114 7 153 143 6 44 16 52 143 19 43 136 15 96 146 71 109 191 119 152 86 9 107 188 80 65 13 110 153 107
61
51 161 52 105 53 193 1 32 141 54 34 59 174 136 42 132 175 87 97 138 69 174 72 113 138 128 89 10 106 103 113 78 85 78 5 84 190 132 33 13 200 199 31 147 160 85 156 18 89 147 90 164 22 49 148 174 35 141 180 31 84
56
137 16 78 32 105 35 155 55 66 41 48 138 173 80 134 120 128 8 115 24 79 74 105 109 64 89 119 42 119 73 116 81 55 168 178 186 83 151 113 7 105 58 144 142 4 114 71 88 176 93 59 4 199 146 59 43
65
130 60 98 28 188 90 48 90 177 185 173 15 101 140 54 140 131 147 156 87 78 98 67 70 80 121 164 96 142 174 88 104 129 8 166 7 30 70 137 72 99 113 42 86 128 183 45 76 127 49 158 167 20 150 51 59 99 28 185 4 31 100 142 48 67
89
96 117 122 182 138 20 15 18 171 138 7 168 28 168 171 159 52 127 55 30 11 56 165 72 147 183 129 104 155 87 137 8 70 199 22 28 153 13 191 117 41 170 185 74 44 95 53 99 59 27 167 124 20 105 136 197 155 126 168 92 64 162 128 181 148 14 134 119 152 97 164 26 32 131 111 75 103 91 145 135 189 10 41 180 82 91 23 149 175
96
104 111 164 144 192 41 32 76 26 62 173 57 39 141 93 119 87 109 156 54 8 167 104 175 38 73 154 165 64 88 5 80 116 144 66 45 97 38 123 19 99 128 102 67 138 80 70 38 54 130 61 125 110 195 148 91 21 2 55 82 167 51 20 4 26 175 144 189 62 41 197 3 115 145 198 59 52 70 93 200 184 67 124 106 124 7 149 168 104 47 88 105 32 146 172 163
77
18 63 44 73 68 138 90 189 17 52 133 136 68 200 154 102 6 144 107 11 141 121 144 3 143 97 192 98 7 2 199 33 91 173 60 133 122 45 80 34 77 95 112 160 3 95 137 67 133 15 82 181 21 163 35 145 27 55 68 178 84 182 34 162 57 54 139 149 160 13 51 72 31 125 172 186 89
100
162 116 42 69 150 9 5 151 16 132 9 102 112 69 37 155 157 193 60 102 180 125 108 151 169 130 66 64 63 110 2 43 55 62 90 192 26 129 24 43 79 153 3 182 134 171 40 189 177 88 82 1 93 188 187 196 160 117 193 192 28 160 6 104 159 199 45 95 96 52 176 31 165 165 125 30 128 157 5 144 51 60 135 138 77 158 158 128 123 59 40 166 145 28 79 77 84 66 145 99
81
188 21 167 45 110 53 89 194 133 50 97 92 188 21 159 195 177 149 4 198 17 92 19 181 160 135 162 4 21 174 152 129 92 112 184 96 38 98 17 108 73 172 65 2 25 80 77 15 164 14 9 150 104 103 144 84 72 170 88 114 123 125 120 22 121 198 113 1 135 81 153 25 67 198 66 172 7 105 67 163 83
75
124 62 50 124 19 31 149 139 111 52 10 165 157 64 81 200 181 169 182 152 1 164 8 69 155 40 20 77 148 129 80 79 59 21 188 194 44 99 78 116 35 85 171 200 173 47 83 134 49 87 190 83 11 97 58 9 145 103 188 9 130 32 95 116 65 144 131 70 146 193 108 131 74 107 36
74
196 45 71 34 160 112 193 49 123 192 10 141 75 107 45 8 38 10 50 69 133 34 190 112 24 41 162 29 50 52 29 65 166 95 74 74 164 1 117 157 11 169 144 122 72 93 48 88 108 2 5 172 20 57 15 173 17 167 77 199 178 163 38 14 143 166 89 62 112 127 60 184 145 149
63
77 15 102 53 149 82 132 147 65 170 175 29 51 63 197 157 1 57 172 39 189 59 112 23 164 94 52 1 81 65 39 163 166 160 107 99 166 78 106 48 138 175 9 125 167 122 67 88 99 39 13 65 48 79 101 40 54 23 114 14 153 116 130
76
46 33 191 73 136 138 91 119 76 162 43 157 52 191 98 138 101 168 1 70 160 90 100 157 2 98 136 134 196 185 183 70 180 131 164 16 198 134 141 4 129 17 122 161 164 157 1 126 174 139 191 26 177 49 55 76 90 134 87 40 100 107 181 196 22 128 56 34 187 69 68 31 8 98 195 99
60
24 99 188 182 150 82 167 61 162 65 133 138 128 108 29 44 167 104 69 140 21 89 25 137 122 33 182 80 103 146 46 121 56 115 17 125 167 107 75 43 80 70 55 69 145 77 151 66 190 31 166 72 56 109 41 135 154 51 72 109
