100
644 3
258 8
767 6
560 9
171 6
282 8
68 1
805 7
555 6
961 7
559 4
509 8
914 5
825 6
123 6
362 5
507 5
991 8
569 4
914 8
230 3
700 8
539 1
325 1
861 9
149 2
69 6
681 9
819 1
117 6
453 2
58 3
801 8
936 5
597 7
812 9
747 8
828 2
366 7
81 7
789 6
349 7
590 6
896 9
590 6
348 9
841 3
704 2
804 1
714 9
191 8
930 6
739 1
573 7
613 4
33 2
234 1
962 6
466 2
582 9
220 7
800 1
37 5
405 5
846 6
591 1
346 6
325 7
981 9
891 2
254 4
698 7
8 9
13 6
220 7
231 4
226 8
851 8
885 4
453 7
77 9
469 2
267 2
210 9
394 8
896 3
376 2
837 5
956 9
560 8
794 2
613 5
820 4
632 2
423 8
137 4
182 5
625 8
750 2
400 6
