20
77 393
15 74 436 309 212 363 275 398 465 418 117 202 102 302 271 493 179 33 82 370 227 452 152 282 374 188 219 60 135 158 45 74 329 66 174 7 280 382 103 265 282 28 195 131 378 302 317 356 222 117 232 50 333 437 124 181 373 418 382 238 398 132 401 331 298 68 133 184 409 105 390 278 136 48 381 431 472
200 294
490 226 493 76 458 44 345 65 401 449 326 455 399 314 339 461 39 451 273 459 475 317 193 239 446 155 403 95 421 495 33 355 496 441 181 66 201 323 416 184 476 12 190 216 454 5 76 405 18 232 247 393 217 292 38 345 262 50 348 396 270 138 28 315 325 402 279 44 152 118 117 23 167 70 29 487 449 356 73 323 411 125 338 397 331 120 34 333 12 411 146 25 100 23 439 209 133 456 500 278 388 186 334 65 341 44 215 14 321 287 44 103 408 401 120 227 414 110 119 296 432 191 336 223 280 340 479 226 254 488 464 363 34 308 293 257 331 326 135 58 445 76 28 284 394 497 111 221 439 481 300 322 38 183 43 295 301 147 14 377 63 284 74 292 39 364 412 40 360 493 149 44 247 396 463 457 246 188 474 69 223 486 297 402 80 71 343 401 11 242 375 333 182 297 478 358 194 311 373 274
406 357
495 169 454 70 87 487 82 244 211 115 58 2 114 331 18 78 307 27 461 219 285 240 145 416 300 3 91 348 349 190 277 370 279 486 117 448 80 39 165 291 298 212 325 492 199 466 474 298 166 284 225 156 377 274 210 4 147 82 388 397 337 1 424 300 106 359 350 77 127 265 342 386 234 382 324 294 246 82 187 385 282 250 386 205 132 214 39 27 378 44 252 7 178 4 208 150 169 471 183 65 477 254 230 492 138 438 469 254 216 465 405 430 121 462 39 71 410 433 345 497 88 442 266 89 450 50 44 120 360 181 478 182 97 358 479 220 134 393 323 305 309 305 347 454 442 478 450 169 94 198 60 149 291 469 219 442 400 82 389 379 358 50 389 200 243 379 240 213 127 113 4 132 6 495 213 454 47 480 97 424 66 235 471 372 65 304 132 97 32 181 393 377 341 282 326 60 463 26 455 127 66 147 149 123 166 315 269 271 204 141 135 133 181 188 59 349 484 455 90 211 210 307 199 365 459 449 263 416 52 212 438 229 249 369 464 286 90 406 306 405 446 358 3 299 408 82 435 280 218 130 308 397 290 283 306 474 233 358 198 218 403 208 84 359 305 123 256 269 484 159 264 210 14 299 204 481 227 240 18 359 9 410 283 90 232 435 404 98 144 421 192 118 442 26 99 349 270 46 378 479 374 41 410 41 419 422 476 426 455 181 90 249 256 335 113 263 419 334 81 180 372 430 209 1 385 500 462 127 123 157 336 468 99 66 334 247 187 449 234 90 495 174 332 119 418 423 147 317 410 7 99 84 134 135 197 225 129 204 98 241 102 205 109 426 356 432 55 291 79 377 286 297 24 384 82 102 289 407 471 95 130 303 343 232 483 273 263 437 285 211 15 211 314 409 3 257 271 193 446 50 263 294 273 373 313 126
51 362
269 404 407 443 477 426 122 168 326 17 402 145 70 95 159 362 287 415 128 205 71 124 29 253 277 110 128 392 67 413 157 122 214 251 165 29 42 152 60 295 390 460 390 5 439 192 102 170 148 304 116
500 401
213 58 229 24 300 451 191 366 418 467 456 277 81 372 216 368 195 121 221 229 94 36 252 265 51 479 433 240 203 172 15 240 286 221 302 74 248 256 180 289 225 462 335 181 417 129 439 276 232 457 246 399 253 402 377 333 256 486 390 320 38 244 138 356 263 48 81 74 365 473 497 20 177 107 158 184 287 351 467 340 296 344 374 72 390 215 110 357 88 374 495 437 360 305 254 243 467 15 418 156 224 102 396 475 437 455 371 193 138 125 234 343 283 189 100 489 160 30 119 168 422 93 420 28 327 470 424 422 429 180 489 105 287 264 295 204 274 369 256 182 423 350 178 285 60 240 376 137 481 382 466 13 273 275 391 406 182 417 91 141 421 401 120 451 277 324 1 58 313 243 424 202 38 108 474 164 11 341 392 429 424 168 451 342 121 360 147 106 27 488 410 311 400 490 213 196 245 13 36 146 59 196 281 240 94 241 286 457 305 476 336 380 27 36 192 430 236 261 238 370 131 109 101 76 139 409 465 467 417 6 268 251 108 424 200 421 350 237 51 267 56 314 281 173 131 205 339 404 346 266 403 30 40 114 494 394 84 60 405 427 298 49 107 198 293 68 254 114 10 230 431 249 489 269 328 4 476 122 57 234 369 210 300 158 416 224 175 266 218 3 466 432 460 413 466 176 357 433 35 93 293 331 222 411 331 232 363 20 398 200 248 325 404 412 246 210 85 408 495 59 299 39 26 10 194 345 344 11 355 252 207 79 476 254 249 352 189 46 92 267 237 486 239 114 248 69 241 405 343 168 264 451 43 391 209 449 180 152 366 33 125 500 103 497 449 464 270 206 433 176 156 181 21 174 189 212 492 414 390 100 81 151 428 329 20 456 157 440 326 191 24 173 192 473 144 260 485 126 207 495 466 43 227 67 178 227 177 111 227 225 221 464 337 495 154 144 166 7 321 319 113 28 440 376 375 152 492 456 274 374 287 412 435 367 212 111 131 204 10 51 21 391 456 377 482 80 458 25 216 433 36 69 325 391 488 363 258 209 447 18 132 43 254 381 31 232 397 415 424 297 46 391 454 102 56 49 435 290 309 405 215 475 24 441 402 486 282 196 481 200 448 127 500 304 362 150 248 256 286 420
998 249
372 322 255 409 288 211 177 77 21 411 341 176 94 395 144 460 134 121 429 323 130 6 94 382 288 39 456 219 157 342 54 242 423 70 73 103 42 463 4 391 324 47 144 184 38 356 217 371 90 122 489 153 484 195 12 252 104 119 26 91 7 195 127 239 31 497 165 207 318 196 133 45 303 63 200 305 443 390 190 160 156 75 485 466 124 24 156 286 43 249 497 287 439 446 236 341 44 287 150 79 90 299 467 229 480 73 352 329 312 177 55 26 93 392 231 41 40 118 223 206 346 437 275 495 481 420 490 286 118 347 189 194 122 244 360 437 78 250 203 429 264 58 208 59 445 35 50 325 325 67 429 218 145 311 452 188 45 308 139 445 476 39 466 152 336 34 17 396 449 341 81 286 181 131 159 227 388 69 272 282 45 328 17 182 309 137 338 477 198 155 6 278 203 366 103 347 18 432 494 330 145 449 38 292 293 67 325 403 290 56 401 310 280 47 438 90 258 328 100 194 399 159 404 183 113 306 276 444 192 288 383 357 248 442 455 186 290 467 37 156 120 138 216 176 425 171 463 305 189 201 272 126 20 337 234 138 34 456 454 309 310 52 75 185 299 329 282 445 428 292 325 293 421 70 266 17 486 229 139 119 7 168 401 39 395 280 151 4 479 243 388 281 91 261 499 68 129 193 40 344 337 383 174 169 340 9 38 268 89 480 476 338 122 73 430 51 185 145 60 199 13 213 87 206 185 274 270 56 500 172 160 88 27 184 388 331 118 364 266 236 261 186 493 61 257 92 59 347 5 98 321 367 45 231 46 291 370 494 486 126 491 156 124 235 325 433 21 275 460 432 150 50 87 198 225 199 55 278 430 168 117 438 221 412 449 203 162 205 5 333 240 470 89 472 332 410 181 390 268 359 16 196 214 172 214 312 64 70 471 72 428 387 471 477 294 83 20 307 317 136 49 404 55 319 262 303 32 309 355 393 423 376 34 22 384 130 372 428 422 366 475 100 433 454 1 400 30 51 38 216 414 209 322 125 491 484 401 208 289 279 491 423 84 155 305 413 218 400 396 338 171 14 324 26 111 306 468 391 497 402 273 346 10 435 361 139 483 382 204 327 369 477 13 405 262 442 54 454 286 295 242 391 290 91 454 172 4 266 485 398 120 496 380 328 497 386 415 295 456 28 424 453 231 214 188 471 293 94 317 309 458 435 270 314 61 272 413 112 244 408 393 108 132 211 131 121 144 32 164 228 410 301 283 250 147 335 453 237 26 24 488 20 480 360 70 244 309 260 120 164 436 449 432 467 22 177 111 195 475 10 65 75 362 307 250 18 165 62 232 393 418 65 59 390 127 342 312 302 500 217 193 473 450 291 393 18 106 27 158 139 379 121 444 33 23 171 100 352 469 450 410 216 376 32 365 289 321 294 405 387 292 410 18 432 476 326 498 145 134 9 87 26 97 429 269 282 115 253 184 286 90 293 358 161 387 201 223 94 400 260 375 384 170 58 347 8 318 336 257 293 41 474 288 112 271 225 173 293 307 382 346 238 417 449 203 217 488 409 280 482 176 497 352 201 468 380 390 472 216 63 103 73 216 292 184 264 133 9 394 249 67 192 169 419 396 468 198 445 394 307 221 365 354 213 478 429 282 133 93 250 380 371 500 16 294 119 216 317 416 262 396 335 422 104 66 147 472 398 116 101 52 306 401 398 111 400 55 410 6 42 306 4 406 436 432 201 83 371 422 25 384 290 207 75 342 341 142 286 107 187 218 394 489 119 173 244 373 253 201 206 131 412 253 80 37 464 173 282 94 277 374 374 159 267 413 57 315 454 294 153 165 395 468 255 154 104 62 110 18 124 362 481 310 230 341 431 82 250 314 181 340 336 164 215 436 343 192 462 408 6 144 335 257 252 202 376 14 77 89 225 437 298 163 242 131 175 34 137 450 246 121 489 56 278 63 8 295 4 182 161 130 215 234 247 431 124 135 4 387 354 15 228 398 230 98 270 316 465 21 229 227 277 341 145 359 391 349 223 440 425 374 173 302 247 50 362 110 186 335 297 7 301 205 396 10 275 243 451 426 269 464 398 73 118 280 342 125 202 495 314 462 193 469 179 145 256 8 7 126 383 487 88 429 173 219 308 24 69 53 14 76 500 45 224 119 285 115 447 419 307 89 478 255 50 37 429 161 347 411 116 410 297 135 294 355 478 160 39 402 320 66 451 212 380 89 401 136 187 339 135 283 497 311 157 473 86 319 351
591 494
359 487 484 284 85 366 387 129 8 441 170 22 251 243 155 377 22 73 383 253 338 31 143 227 80 337 432 230 379 368 137 191 240 118 302 448 248 53 138 332 133 465 68 306 445 161 201 293 367 436 42 384 217 159 15 100 325 52 61 448 303 28 268 308 86 86 408 365 15 380 483 264 252 277 2 311 144 448 226 61 88 415 40 452 85 419 454 493 424 61 96 212 328 231 275 420 340 441 47 65 131 454 21 107 311 317 293 418 205 360 466 340 294 89 201 328 305 285 410 25 396 50 27 223 363 390 96 381 62 430 478 370 168 146 212 428 348 354 328 148 327 144 270 467 28 327 491 499 198 481 20 444 16 320 415 295 258 174 27 428 330 30 436 495 15 413 71 265 173 238 254 417 174 415 187 453 165 465 229 22 373 368 110 465 244 186 232 416 486 168 119 425 292 424 481 46 172 228 258 388 421 208 312 56 43 20 292 82 267 70 125 164 141 395 500 95 437 377 407 172 37 107 326 26 338 180 215 471 253 378 314 317 288 266 56 94 429 387 167 411 339 384 168 360 381 433 408 275 183 270 478 227 487 327 311 225 299 297 487 83 277 167 43 147 149 408 86 253 39 500 84 186 129 138 327 190 239 472 331 206 425 163 311 20 252 498 71 273 290 129 382 281 428 454 61 218 236 351 354 81 51 283 438 45 391 182 46 146 61 359 1 329 413 268 83 20 461 47 463 117 230 224 489 300 254 351 334 191 173 217 430 386 181 273 454 209 163 259 406 192 275 382 387 9 1 481 319 382 100 9 16 70 199 437 254 493 31 377 58 56 324 326 272 322 463 282 453 22 356 412 443 455 41 447 180 140 36 273 349 375 229 361 335 40 495 56 340 240 206 291 282 41 266 253 96 337 100 63 20 487 353 57 279 302 251 192 6 104 325 236 85 360 426 72 396 139 250 455 379 197 251 55 367 462 317 64 102 491 139 100 173 242 493 299 7 412 352 332 497 292 50 287 255 487 77 88 462 204 468 200 22 132 228 423 392 200 377 245 228 92 43 59 470 465 250 141 147 321 451 125 321 72 120 71 40 3 408 335 134 21 208 310 164 321 480 277 239 35 412 454 136 72 386 226 301 201 177 485 458 147 344 163 190 430 163 239 196 159 5 445 360 11 426 497 312 29 149 285 16 17 134 441 227 391 44 32 330 281 227 419 284 500 101 83 268 319 438 99 182 406 171 100 162 30 121 240 374 226 183 453 477 291 431 14 376 464 282 38 293 300 51 18 216 396 106 196 193 452 363 48 75 37 146 245 432 273 117 318 194 103 206 485 83 439 445 442 328 351 456 186 235
212 412
159 299 72 251 403 456 301 289 132 154 292 384 430 343 29 113 455 407 224 150 53 161 336 327 293 36 16 393 494 328 94 277 295 173 5 61 464 139 344 77 37 100 299 323 337 453 160 436 202 372 189 287 362 467 98 221 246 481 476 314 497 34 57 215 363 393 476 296 353 23 123 240 55 248 35 460 34 95 224 368 312 160 352 424 460 485 394 425 40 420 83 342 313 48 84 253 317 254 241 183 76 319 8 76 77 33 395 211 77 111 221 359 261 491 124 2 111 83 176 37 182 412 179 325 122 122 370 347 81 253 180 62 368 362 202 403 263 298 356 258 357 169 259 143 117 75 37 412 440 175 235 98 420 123 340 446 11 450 187 77 256 470 295 415 487 57 166 104 65 323 324 172 239 214 489 332 4 124 186 180 462 28 270 161 107 395 295 448 228 68 401 154 433 141 294 263 131 399 442 64 237 37 252 140 443 215 95 147 258 306 21 126
659 298
302 322 204 482 185 242 369 144 401 77 300 181 240 89 347 113 39 141 277 173 129 8 284 379 331 107 264 207 204 56 34 422 424 234 206 144 302 330 190 439 99 339 459 109 420 211 54 474 180 132 390 19 70 331 50 174 444 354 250 185 125 145 116 209 76 472 117 281 4 242 289 98 495 112 239 131 252 500 410 433 18 416 454 451 52 87 15 218 336 335 109 226 403 36 367 100 142 444 88 380 48 279 87 263 129 328 452 203 490 148 83 348 382 435 488 86 60 290 496 413 254 57 184 327 377 442 87 42 142 397 320 401 265 375 154 493 406 97 452 122 252 169 454 11 231 115 299 64 25 141 103 256 356 347 259 188 487 335 218 221 475 391 358 116 376 228 24 54 169 205 28 103 63 31 393 360 136 111 494 2 250 220 205 117 86 25 400 313 360 8 63 216 219 301 402 146 336 89 122 56 150 31 325 315 13 415 111 437 373 297 7 181 59 372 292 225 160 27 88 21 13 36 387 425 142 68 350 99 189 151 251 5 97 458 280 318 181 203 446 211 103 255 310 290 69 282 353 367 488 154 339 393 262 401 468 16 398 148 124 48 490 38 110 24 315 467 223 441 316 360 69 100 157 255 352 49 496 232 375 157 102 27 471 291 296 351 306 474 129 52 364 466 275 210 357 430 82 4 292 100 24 356 233 298 199 254 233 45 181 16 99 171 211 154 269 426 475 439 489 68 243 369 114 16 140 484 367 236 242 353 173 359 299 9 447 191 117 268 40 22 245 316 49 140 1 447 430 246 58 331 260 407 350 401 239 303 180 55 93 402 114 189 146 389 131 487 83 167 382 234 398 161 275 403 207 58 277 115 180 337 47 480 459 21 65 458 63 91 409 180 181 121 464 189 321 460 189 380 116 189 324 393 150 335 209 94 281 39 347 107 18 250 389 137 345 118 314 438 18 389 143 483 69 308 430 379 39 232 1 127 359 310 285 432 12 13 405 341 313 113 474 481 284 483 111 228 222 248 356 47 488 151 448 250 60 379 245 497 400 310 235 208 384 329 426 190 471 493 213 385 236 149 151 161 271 302 256 418 268 342 104 355 84 23 352 23 287 421 470 230 246 64 399 244 132 335 263 206 260 286 35 74 83 207 30 388 442 355 287 406 220 334 208 358 299 156 364 17 243 169 112 328 486 357 412 148 261 481 100 480 218 471 110 369 92 284 345 211 58 452 346 146 38 233 202 360 113 76 282 31 198 358 130 423 138 46 491 420 356 114 126 182 173 446 437 50 249 158 477 341 23 491 191 308 174 68 233 421 425 205 134 54 115 54 344 3 75 312 201 131 159 258 472 73 417 68 223 238 105 156 442 206 64 5 62 477 455 223 276 362 94 452 206 187 230 389 186 161 483 10 290 164 181 306 489 194 276 349 88 389 395 265 296 365 258 121 485 118 417 434 386 155 456 160 162 56 296 263 43 12 19 301 43 271 191 113 445 352 171
515 132
36 72 103 146 103 73 21 375 197 54 276 34 214 285 352 39 368 448 371 373 156 142 31 189 88 256 374 306 378 159 157 280 264 403 98 354 157 230 47 19 471 380 242 2 460 393 189 295 45 252 458 224 110 65 374 368 112 218 420 233 133 115 349 433 460 246 424 316 17 399 324 122 137 474 137 137 130 68 453 67 342 164 176 57 272 9 417 178 169 327 397 38 388 340 480 411 91 326 402 337 22 4 29 254 158 391 255 109 169 50 352 320 146 67 259 282 165 298 465 439 113 13 458 490 500 32 198 330 287 32 153 187 158 473 470 471 152 110 172 31 399 447 319 14 110 45 300 272 359 51 34 265 16 67 219 209 430 282 473 193 462 65 119 143 120 187 67 44 337 110 72 285 4 387 317 397 218 200 164 371 277 377 90 37 333 344 459 184 370 141 19 172 204 40 54 499 137 172 448 279 209 444 352 261 454 169 192 459 373 370 10 55 4 256 231 154 89 419 414 419 144 451 215 281 241 217 459 469 201 495 445 18 488 20 489 48 162 340 75 101 495 384 351 239 498 451 411 12 104 44 304 252 433 296 289 260 416 459 173 330 21 220 85 11 163 495 31 474 123 163 116 172 4 332 456 159 376 338 306 339 52 366 392 303 463 369 197 372 332 26 73 319 323 210 5 252 254 41 133 339 98 60 358 273 121 12 189 484 457 492 226 46 42 407 10 179 183 485 488 183 475 336 104 393 460 282 446 281 55 405 273 55 13 189 497 46 163 417 338 457 392 248 410 64 379 138 147 371 271 30 200 116 232 405 238 309 288 243 237 118 28 414 390 450 240 452 93 143 292 16 363 103 167 278 462 357 118 296 76 285 65 385 58 403 106 62 445 78 182 184 299 406 242 236 264 481 3 399 437 211 292 73 322 42 379 224 500 190 463 247 318 428 455 382 4 75 343 78 491 117 385 143 27 134 156 360 22 336 395 54 57 206 470 210 430 184 169 206 145 421 489 368 37 209 302 71 395 184 229 347 442 459 54 125 228 247 198 272 73 302 174 241 110 363 322 403 261 326 465 346 164 399 7 364 224 138 350 51 298 19 313 246 388 8 368 107 265 308 125 78 353 57 174 63 426 323 2 47 427 326 158 355 26 320 313 270 312 444 157 194 175 291 387 36 96
875 267
284 441 74 195 424 163 160 265 160 429 129 85 93 216 308 341 139 487 15 37 135 456 94 113 489 317 317 444 242 375 489 465 107 139 16 213 370 422 13 80 8 266 328 397 266 408 97 76 28 209 59 373 208 79 380 416 186 482 486 283 336 311 195 99 113 154 81 41 167 149 210 331 271 496 379 493 250 212 289 484 18 96 347 357 400 264 437 139 342 181 157 234 335 2 144 276 320 196 423 1 219 212 396 404 141 411 17 290 323 192 358 396 479 123 241 310 327 467 114 4 360 311 197 359 230 255 23 7 201 414 272 109 376 5 167 164 52 347 167 223 220 213 28 357 18 302 279 387 320 42 492 373 248 373 177 367 436 61 146 376 221 282 25 441 428 205 49 322 311 197 363 492 354 278 434 480 4 30 201 354 496 482 321 62 386 23 103 191 86 456 482 217 400 176 448 394 380 377 11 427 482 209 78 485 355 270 454 56 256 274 356 123 1 258 199 470 276 445 154 258 336 138 173 360 275 103 51 131 210 442 20 466 319 298 98 479 343 290 444 273 468 378 492 456 467 134 141 331 498 487 485 486 92 340 303 122 445 154 182 383 88 146 5 175 140 489 352 65 296 383 64 135 449 197 123 23 197 362 218 69 331 200 412 165 295 261 250 429 279 485 382 463 284 368 299 183 224 82 405 472 326 15 345 420 426 290 360 288 372 354 296 37 337 445 434 358 343 218 357 45 28 218 486 260 259 83 335 24 387 354 61 149 122 367 223 247 172 287 63 403 367 232 252 123 41 10 142 412 329 187 297 251 405 110 461 171 240 111 273 51 317 43 329 296 339 389 304 246 493 401 398 472 188 189 491 82 233 262 203 416 418 373 389 194 53 89 210 148 293 129 241 68 140 341 493 334 148 333 40 410 428 119 85 165 342 93 463 207 53 277 10 237 235 87 139 451 214 129 445 145 397 443 166 317 496 41 374 262 45 253 498 442 10 457 234 404 11 461 319 328 440 384 352 452 360 314 408 195 390 387 80 14 454 129 316 294 324 297 480 332 482 119 231 373 387 113 286 117 292 439 76 277 124 309 340 233 244 265 7 268 11 380 208 189 374 360 172 468 444 295 404 305 279 343 323 225 409 315 7 46 396 329 269 360 65 285 148 153 96 125 460 48 337 131 284 244 362 133 265 351 91 298 255 295 71 243 480 329 159 92 447 80 480 348 463 7 11 9 208 95 81 371 6 156 124 321 440 125 40 365 54 421 404 320 248 404 454 78 24 27 221 13 468 469 463 75 118 362 51 23 282 284 349 303 284 49 115 35 254 200 76 400 123 53 245 455 141 76 202 486 109 153 370 327 115 440 82 183 484 60 109 22 307 194 368 465 227 400 163 137 325 466 341 468 330 102 159 97 110 266 321 311 51 455 256 329 475 245 180 94 138 99 465 213 330 156 362 458 438 199 365 149 217 112 354 79 164 420 71 467 344 146 23 322 402 318 112 309 63 106 290 483 277 223 355 421 233 333 141 480 227 339 275 297 312 390 225 13 264 318 306 383 460 255 225 436 236 181 25 208 216 256 15 162 447 83 345 364 173 381 140 88 475 82 395 5 287 108 281 141 89 292 113 358 467 477 129 17 80 58 453 157 458 73 184 1 241 41 193 134 206 327 98 484 350 220 384 297 81 200 13 62 70 285 305 13 295 307 216 419 295 191 207 351 347 477 138 248 416 250 452 74 464 205 266 122 150 220 115 182 227 50 90 465 291 402 487 292 253 109 488 178 398 431 129 127 248 278 299 42 307 428 376 73 23 379 319 271 273 472 192 17 196 352 392 34 236 107 176 33 142 18 223 381 310 11 123 483 322 26 208 95 207 367 98 182 338 238 255 27 402 427 215 67 391 360 443 62 59 421 298 286 261 59 246 180 264 443 107 493 349 232 217 495 133 329 248 341 489 71 145 172 10 192 438 349 411 140 21 160 295 312 253 308 184
317 388
391 461 418 391 81 61 74 216 500 372 437 201 347 400 450 92 155 457 259 53 455 62 241 141 254 286 264 79 426 453 85 129 321 381 205 75 424 496 340 198 483 21 318 182 380 163 342 352 223 388 92 108 338 15 68 479 239 367 124 214 84 7 361 270 419 119 221 211 274 235 406 206 253 240 159 72 401 249 416 346 88 242 402 183 90 294 457 194 9 195 287 106 66 34 230 410 436 171 129 326 278 117 38 129 67 192 138 50 480 11 489 416 343 192 364 69 356 224 158 490 42 365 277 469 265 293 465 326 1 266 16 39 336 31 299 329 63 433 116 274 405 188 486 221 70 116 86 4 454 361 230 202 291 19 175 305 199 386 96 25 156 248 419 133 372 147 395 166 278 408 187 10 97 71 293 12 143 468 69 473 267 371 310 484 51 445 183 4 106 296 341 2 419 112 48 15 18 441 143 204 239 428 369 198 276 73 353 174 76 373 135 321 276 405 368 224 149 386 423 258 384 148 258 98 350 275 75 165 259 40 46 126 263 350 492 75 73 380 223 403 495 395 312 101 370 319 361 75 60 225 79 99 309 253 291 352 145 296 445 144 416 355 154 239 122 407 247 21 435 118 346 72 118 332 127 396 474 181 367 353 385 265 109 336 232 330 427 19 315 358 441 367 222 483 66 434 452 108 93 209 171 160 117 332 479 124 382 164 316 232 242 166 128 256 126 288 336
177 4
387 71 65 217 404 288 330 194 265 11 1 477 95 187 180 379 273 19 109 302 273 433 46 7 196 342 291 480 303 27 181 352 114 136 314 46 319 113 44 88 461 357 396 206 343 408 281 147 333 470 388 293 442 462 412 347 84 55 349 156 458 308 201 426 286 132 442 91 464 267 413 425 142 375 239 467 477 242 31 497 431 163 239 12 84 53 251 479 124 106 333 134 363 161 334 404 134 463 227 180 71 31 4 20 490 461 141 494 389 118 475 138 30 58 134 202 135 350 328 209 327 130 191 423 162 13 44 242 72 105 269 65 457 285 485 282 370 8 487 107 424 46 296 235 434 312 336 72 260 224 490 158 389 495 152 87 101 467 58 71 460 42 119 491 236 271 440 292 236 245 228 6 72 13 213 461 403
33 140
277 81 214 107 83 461 330 232 414 354 259 163 445 441 390 297 481 77 201 284 235 427 318 457 252 338 242 15 424 258 106 204 155
75 370
241 177 344 481 7 449 456 474 365 246 284 125 385 284 254 49 364 177 115 424 174 329 409 406 428 267 234 318 178 235 375 90 278 164 180 486 456 132 241 183 101 235 89 64 413 80 140 13 487 65 89 469 27 331 433 489 339 29 481 378 313 230 214 449 23 241 469 106 115 54 413 83 98 73 317
426 42
130 208 433 481 6 465 238 161 424 9 289 380 256 471 420 179 1 372 389 161 189 424 92 117 345 220 425 490 464 235 199 155 77 254 453 233 238 105 484 63 322 435 102 30 39 291 6 175 342 280 282 91 305 226 254 288 7 398 31 414 424 49 253 412 347 315 427 385 200 448 104 154 303 218 19 160 216 449 24 102 263 226 353 364 372 192 61 172 202 37 246 382 226 383 274 348 384 290 135 262 436 321 446 486 261 67 421 221 132 362 271 194 154 425 366 377 398 204 438 277 137 495 278 482 138 292 51 207 469 464 281 474 273 480 148 193 269 2 132 245 7 196 74 150 169 419 248 310 176 191 9 465 273 343 287 413 344 491 428 183 83 148 62 108 47 5 261 115 436 238 212 204 389 3 479 115 362 435 391 333 89 362 252 389 238 22 344 128 283 21 200 97 490 451 496 105 192 476 419 362 451 440 82 348 19 97 457 247 478 334 387 493 92 107 11 1 170 37 171 340 41 444 441 200 377 91 222 313 71 106 68 183 149 262 284 368 367 241 16 120 407 449 143 382 8 40 406 328 339 323 249 221 158 249 268 224 80 431 266 150 24 292 293 124 413 433 8 124 218 183 70 476 83 484 160 119 405 91 383 485 196 469 176 134 471 55 299 175 232 398 272 94 268 306 379 344 263 244 342 199 34 349 448 378 219 285 269 309 88 293 384 89 362 142 34 315 67 457 479 433 238 137 63 122 201 96 313 84 310 206 1 463 39 335 257 8 113 300 500 330 196 53 392 448 161 186 168 396 129 96 275 6 368 459 101 59 344 400 122 281 97 458 259 396 148 291 473 338 59 411 306 173 93 411 56 281 421 8 309 34 159 113 177 161 87 23 28 464 20 230 154 208 310 266 329 319 96 487 250 279 239 367 40 370 298 68 201 132 210 125 325 412 223 63 201 437 101 87 293 383 372 421 335 348 311 100
847 136
193 303 280 287 480 448 153 312 354 12 51 384 147 157 8 7 474 340 236 457 484 156 328 291 347 131 412 414 78 400 357 40 120 475 312 238 65 203 203 193 440 354 259 37 262 321 7 277 321 164 314 94 184 176 243 479 430 129 313 21 30 254 473 95 153 438 467 148 281 271 404 358 34 494 426 329 5 95 15 308 368 384 213 93 258 398 92 453 140 78 35 39 358 237 215 107 137 253 194 20 485 437 318 200 459 71 449 222 500 433 308 370 152 327 186 488 3 321 252 268 492 282 297 105 384 248 25 482 310 83 340 76 388 258 484 466 165 26 260 273 359 71 32 463 89 62 320 427 460 480 63 62 167 298 4 379 406 128 312 492 483 406 230 58 202 242 148 426 363 199 420 251 60 188 13 409 209 126 411 354 475 174 404 491 493 154 362 267 433 329 141 287 147 456 352 170 346 356 482 262 339 333 274 202 401 179 406 447 293 278 108 195 411 225 428 206 167 247 252 7 37 31 440 477 290 390 150 263 2 393 3 409 453 162 26 297 114 22 275 181 195 465 453 70 87 182 2 73 22 151 173 423 208 306 341 407 261 343 476 232 66 229 212 224 213 430 473 25 108 266 44 388 268 419 89 462 378 44 283 131 221 238 398 399 56 389 134 150 66 238 392 15 216 429 283 207 389 297 315 5 78 37 360 192 149 185 182 331 144 208 367 481 353 63 205 89 474 134 355 175 464 345 146 465 439 124 276 468 40 390 404 377 156 125 380 353 302 210 406 457 349 203 364 7 387 428 128 492 86 351 229 471 255 388 421 121 304 453 455 284 194 79 200 161 446 335 137 366 145 476 124 1 48 217 346 288 90 416 131 257 38 140 164 21 70 133 151 434 336 320 427 252 467 352 39 479 378 121 207 60 79 130 95 186 81 209 200 105 224 120 380 437 34 474 355 33 140 229 275 269 490 127 92 412 28 397 31 161 403 252 129 7 347 1 392 28 458 187 151 411 217 93 373 470 94 351 201 293 458 300 142 165 57 460 245 384 118 341 123 15 44 270 142 135 433 258 443 143 6 94 379 323 301 197 51 439 75 483 89 398 60 421 96 439 322 49 113 308 452 439 274 235 304 118 93 131 61 282 406 81 12 84 315 61 390 249 133 418 13 386 279 342 447 221 176 159 320 437 360 76 421 220 273 200 18 158 418 180 3 176 340 413 309 487 333 132 412 296 483 472 359 313 7 398 173 396 434 202 138 289 123 433 324 37 14 131 190 218 273 461 202 253 347 140 491 189 205 431 231 218 133 426 341 380 239 493 213 1 400 15 239 249 441 312 206 173 228 257 129 303 199 44 21 59 324 144 352 114 152 442 438 201 77 391 127 83 402 270 292 370 58 77 1 46 473 105 23 80 110 143 34 306 174 275 193 479 62 4 385 407 172 237 257 212 321 278 165 263 182 62 395 292 143 95 120 39 230 165 296 325 271 57 252 22 100 421 434 447 371 499 495 287 57 396 395 271 392 241 96 339 84 84 167 102 380 145 21 170 488 350 150 84 191 56 313 476 164 417 9 289 481 15 433 332 395 126 480 384 481 367 403 42 244 384 310 170 162 398 305 385 288 389 140 348 432 308 233 229 229 235 252 329 380 347 41 297 430 134 165 385 430 293 406 323 185 432 467 239 192 423 116 493 80 201 335 64 392 361 32 47 37 38 206 341 114 425 53 276 316 477 245 461 129 479 129 276 349 76 328 123 12 399 454 39 67 294 336 97 105 286 24 147 219 440 319 227 422 338 11 12 108 373 334 190 270 206 168 474 386 437 339 140 425 23 122 70 92 103 437 104 394 331 334 493 72 83 450 261 338 331 158 358 49 370 459 93 297 122 190 479 119 372 19 25 287 239 38 465 219 55 53 28 472 154 233 445 298
755 87
73 146 464 236 127 408 454 272 73 310 158 336 364 408 467 185 200 405 208 214 345 109 212 347 69 222 179 57 75 290 279 28 408 443 69 186 99 62 299 341 388 307 404 396 18 280 336 454 29 441 248 461 53 374 338 206 290 401 486 306 127 487 194 188 299 52 309 157 262 385 247 308 370 257 279 196 284 42 150 126 292 497 31 138 265 136 45 286 40 13 474 458 98 434 390 286 276 67 16 336 480 309 11 416 421 199 403 142 499 11 234 100 255 397 471 231 496 199 241 194 42 363 44 70 373 114 274 296 495 459 217 486 157 134 265 443 125 464 51 280 269 215 49 220 311 112 70 410 423 104 83 117 246 371 133 195 490 223 411 183 320 155 278 107 204 25 280 364 50 75 392 466 303 465 50 309 184 358 176 381 466 423 148 249 49 173 480 197 83 299 26 175 498 100 203 276 222 173 204 477 329 466 231 432 91 487 29 302 16 226 288 292 356 39 41 485 199 225 32 257 212 356 5 200 203 139 484 298 2 391 5 319 455 305 390 225 296 51 260 281 479 483 439 24 67 144 11 338 439 452 272 239 84 198 496 31 79 79 52 432 230 246 194 411 51 357 468 221 261 102 47 453 245 9 155 309 495 261 105 269 431 56 440 339 212 215 65 160 129 264 438 386 296 233 178 264 282 491 321 259 87 387 96 378 142 167 19 486 385 156 320 445 163 467 184 431 239 339 228 37 259 129 182 180 74 310 185 298 345 345 128 455 35 494 67 376 420 201 253 393 22 117 118 168 458 410 383 471 87 137 126 465 100 125 110 343 15 406 439 210 244 84 414 422 127 146 172 303 64 54 381 4 388 157 200 461 397 265 108 227 368 433 237 113 106 301 230 133 53 460 212 356 352 412 144 31 192 395 227 191 483 277 359 306 159 358 132 158 80 339 448 422 210 280 467 352 182 488 228 159 415 439 404 490 145 223 51 70 347 136 119 111 183 309 63 9 451 323 290 271 322 390 222 256 70 458 351 65 272 12 283 497 375 211 351 350 268 142 378 150 235 29 451 444 102 212 201 127 36 267 249 452 257 95 325 198 125 21 405 393 375 375 440 168 312 194 209 458 209 152 51 381 121 401 23 25 274 81 71 246 189 285 37 112 391 80 162 402 3 91 121 455 118 193 265 92 311 99 274 376 492 323 425 406 226 442 76 127 7 225 3 403 121 123 156 371 479 14 474 179 456 305 96 282 350 114 72 456 332 270 382 149 386 15 209 382 402 443 105 186 405 356 389 340 240 40 430 65 165 206 249 179 154 51 279 417 478 202 86 85 313 358 13 162 418 393 350 210 208 297 295 430 478 73 488 94 306 471 395 304 399 477 133 400 312 108 500 277 260 243 457 301 393 33 485 120 488 252 180 439 211 123 376 108 84 188 388 435 329 348 242 224 321 151 280 262 393 382 151 92 383 190 322 339 275 53 283 212 314 142 470 81 112 384 467 134 477 9 166 347 169 316 441 169 438 22 357 228 282 227 92 153 280 158 14 358 333 498 83 36 460 231 315 321 94 61 78 327 218 380 175 461 264 326 28 62 331 324 71 301 249 205 194 231 20 438 77 70 318 323 237 486 112 252 79 401 363 463 70 181 125 115 168 377 500 121 325 213 365 425 115 27 154 3 158 186 94 72 220 250 51 115 2 279 17 450 482 166 323 370 3 29 214 39 223
864 447
428 458 342 400 60 28 298 317 395 354 280 116 283 465 166 391 405 406 126 219 172 7 426 312 231 257 171 12 288 303 366 363 211 264 316 117 339 262 16 408 406 293 201 466 459 127 396 471 45 499 497 77 202 378 265 123 409 235 379 180 171 95 142 218 268 290 225 145 183 68 449 67 351 218 77 169 353 180 31 236 89 499 284 9 129 65 326 480 303 311 204 147 429 330 236 484 375 330 141 490 258 174 61 418 85 301 357 223 81 384 227 85 129 356 318 275 135 45 209 448 244 143 1 129 402 482 381 448 252 106 288 195 308 212 7 327 204 254 331 450 176 368 345 433 394 166 322 197 82 398 222 347 53 243 206 321 473 66 200 187 203 429 321 206 195 377 39 437 95 417 159 469 224 69 413 491 459 5 227 16 245 222 475 432 421 210 149 309 188 235 400 51 127 182 101 476 278 102 473 26 20 30 474 417 360 47 52 202 194 222 324 130 157 386 103 171 347 449 245 484 495 412 190 255 78 354 408 35 102 41 483 198 269 71 397 169 241 305 320 128 400 119 60 273 112 451 372 259 52 478 326 260 489 108 145 206 363 400 240 425 466 245 65 348 153 403 206 491 358 7 399 343 187 223 75 276 469 267 74 237 281 61 218 403 37 61 182 447 110 91 444 230 370 207 96 258 402 126 19 265 21 330 485 18 271 252 452 154 183 493 400 433 148 337 315 418 173 103 26 135 274 177 164 244 438 41 85 240 173 208 341 174 24 397 80 406 257 8 313 225 342 111 437 29 56 464 110 345 428 347 373 122 224 391 139 163 155 180 358 63 348 214 381 444 488 84 370 212 99 204 298 142 458 18 116 218 220 447 89 396 187 451 418 145 486 103 376 92 263 48 480 107 304 232 150 19 100 380 355 328 207 363 227 498 340 402 4 69 394 307 228 26 328 406 447 60 475 265 69 43 404 91 407 217 251 388 193 119 209 131 475 459 205 270 275 404 107 467 234 320 359 224 375 41 179 225 40 202 56 333 49 217 171 268 108 102 172 37 129 134 269 74 241 242 286 163 160 252 499 75 240 224 60 493 438 47 413 208 230 262 10 395 220 44 62 288 303 59 89 471 12 298 474 438 470 44 267 433 433 385 456 242 15 328 193 413 196 200 227 52 287 87 499 273 235 47 117 403 468 2 426 199 312 368 8 205 223 56 391 342 304 171 386 20 200 13 107 381 270 183 195 193 168 152 124 132 475 78 8 181 309 3 336 152 405 409 414 125 93 242 431 205 205 291 116 142 84 204 464 305 251 417 191 104 83 86 10 157 415 386 490 121 337 262 378 331 177 344 277 225 367 272 314 291 201 27 60 23 97 481 343 25 499 226 136 418 460 235 134 151 466 483 477 293 126 89 133 130 377 144 497 145 331 20 457 437 319 390 403 110 164 413 187 472 498 153 159 13 375 399 110 18 110 347 206 125 303 341 228 254 385 54 109 382 252 97 211 372 368 322 160 334 243 139 276 40 439 59 106 175 469 309 381 403 110 149 293 78 41 114 405 15 225 3 309 491 178 318 220 316 148 151 105 83 337 291 337 131 61 371 2 165 73 169 390 227 437 367 83 276 33 148 53 55 13 457 135 140 117 390 304 466 66 400 320 196 214 188 295 144 426 288 486 36 379 328 116 440 141 429 254 32 127 231 94 77 38 438 396 478 315 426 302 344 74 405 110 356 347 157 439 398 161 232 500 65 131 495 486 318 75 130 267 334 495 30 461 471 231 430 492 334 77 255 136 313 114 106 47 438 231 466 203 353 321 459 444 97 189 178 413 197 169 306 264 227 458 316 236 463 294 442 308 369 246 204 9 461 83 453 405 230 344 226 377 481 279 278 478 295 84 240 215 313 315 172 142 367 65 205 486 12 19 64 379 420 118 445 298 99 65 496 65 313 102 102 307 276 47 70 92 183 109 46
72 106
93 482 417 196 81 96 294 431 141 224 386 199 313 340 152 362 139 498 141 234 416 206 392 81 61 124 410 66 483 414 413 271 29 363 207 111 444 15 130 479 200 265 228 416 407 41 356 210 351 177 86 299 21 204 18 263 190 500 390 152 250 477 313 189 131 29 318 45 367 241 193 179
