100
9919 9
3968 3
3434 3
4035 4
5917 5
9962 9
8105 8
9962 9
3751 3
8676 8
4551 4
743 7
32 3
3972 3
439 4
2865 2
8634 8
7116 7
4811 4
7123 7
6501 6
6280 6
3515 3
5265 5
5601 5
9169 9
6355 6
3444 3
9967 9
8896 8
7524 7
2233 2
5022 5
6324 6
404 4
3407 3
6260 6
9800 9
2232 2
804 8
2493 2
2278 2
5856 5
2741 2
4067 4
4186 4
333 3
2873 2
2224 2
9486 9
5106 5
3175 3
3055 3
4467 4
1197 1
6850 6
1340 1
3044 3
1503 1
2766 2
6618 6
3475 3
6433 6
3713 3
1064 1
7681 7
208 2
3886 3
5996 5
9247 9
1108 1
3738 3
4161 4
6050 6
5957 5
5420 5
505 5
2797 2
1195 1
6298 6
519 5
6326 6
4954 4
4970 4
6960 6
5530 5
3399 3
8454 8
3158 3
3622 3
5922 5
2990 2
6487 6
4833 4
7253 7
8727 8
4372 4
4111 4
6106 6
9064 9
