10
14 11 235
44038083895
51924882782
89951988259
93019889561
76116043259
43735919916
31882500446
68560364448
80820298642
30809804878
64560391725
48004214950
29563665383
44383411466
4 7 245
2343706
2753182
9972681
1925249
18 17 304
48589173279494567
13387093584195637
16935496158874463
55652921229615622
98888748065892561
48199844354007941
64774939002339234
39162230882123881
17692292002270432
31028721837992218
15510692917500978
35257456211013504
99217319739218726
83654957214078749
43454575531689376
20007180221774111
37026466414781121
32175471829034098
7 14 43
82557804905540
95910854180306
91691177106345
11278087528316
60133880646496
30368983442434
66597184294319
19 10 182
5517998312
7238737296
7863874118
5912954558
5185931076
9015204714
2172433441
3323147449
3720012951
7011554365
5227924178
3740623487
2254249034
4360219554
5838170751
7944373876
9555988917
4224356052
2377536780
12 3 337
470
496
466
585
390
396
667
476
969
620
445
660
11 20 373
35057481458340537179
17282290033594348803
37223306567146084129
30844326774715566991
88693974020128352885
78887870534251860423
81071263663741416161
66716238061871552098
45595890972907847803
39906329523701212011
55379604445330167610
13 2 91
94
84
15
61
48
24
82
16
11
93
79
43
77
18 14 371
40253782589094
98433397688260
12356894767404
32605912772750
31685406553583
45354545318546
34673577812233
29248889175406
91411579414107
17091497238427
19467910792033
47648362489443
61332484854026
45536779350191
73791291826010
65613248760456
15177987821288
74510072597958
2 2 109
72
60
