20
6 1 502
1
7
3
5
2
2
7 3 389
789
730
177
566
922
738
938
19 2 319
80
16
34
99
87
48
39
81
39
24
29
44
23
81
68
43
58
84
56
8 1 714
9
9
6
9
3
3
3
7
2 1 935
8
9
6 2 599
41
65
33
41
87
84
16 2 530
63
76
12
12
47
82
27
34
91
22
30
98
87
75
11
42
17 2 957
73
37
59
21
10
17
71
41
10
89
24
14
49
14
73
86
57
13 3 935
130
342
639
953
851
455
662
688
642
634
189
599
666
15 2 657
47
64
54
75
62
91
38
29
47
91
84
11
15
54
78
10 1 923
9
6
1
7
1
5
6
1
7
9
16 3 991
393
905
938
509
671
166
290
867
145
839
333
581
787
141
212
170
10 1 476
3
7
9
3
8
9
8
7
8
7
3 2 146
68
16
34
6 3 909
973
823
194
277
829
545
16 1 894
7
7
1
3
7
3
7
4
2
8
9
4
5
6
3
7
9 1 572
6
6
2
5
5
6
6
6
2
9 1 116
1
6
7
8
4
1
7
6
5
19 1 654
9
4
2
5
1
5
6
7
8
5
1
8
6
9
3
7
2
9
1
6 3 972
889
615
893
129
999
311
