20
1 1 615
6
4 2 751
84
55
31
34
18 1 730
4
2
6
5
2
3
1
1
5
4
7
6
3
4
1
8
2
1
10 2 942
63
55
97
75
60
20
79
70
68
31
19 2 625
25
48
47
64
32
33
59
67
10
71
23
84
41
70
58
85
86
52
47
18 4 868
6267
3908
1033
2760
2868
4020
5310
3759
9902
3497
8059
6230
3975
4855
9792
3524
3633
2877
6 3 993
856
781
272
194
233
654
6 1 522
7
5
9
7
4
7
12 2 506
82
99
57
32
64
36
78
92
86
38
60
63
12 1 753
4
7
8
2
9
9
6
8
5
4
8
8
10 3 844
845
216
119
982
290
270
533
615
904
538
5 3 627
968
370
345
437
158
14 2 881
98
24
73
26
50
96
57
25
79
99
64
39
31
43
2 4 944
8313
4101
9 2 841
93
20
50
11
49
62
20
13
80
18 4 813
3649
6274
5207
6680
4821
4679
7695
9462
3046
4717
9448
6940
3449
2318
8853
3162
3750
2190
14 2 785
93
95
21
54
56
47
70
31
45
30
59
85
69
48
16 1 722
1
4
7
1
1
2
2
5
2
1
2
1
3
5
1
7
9 4 649
6682
9640
7521
1563
8553
4261
3977
8529
1412
4 3 514
536
221
783
819
