20
17 2 245
48
50
23
51
64
86
15
27
62
51
92
99
82
31
44
41
92
10 1 602
2
9
4
4
1
9
7
9
5
5
5 2 384
28
97
49
21
55
10 2 273
87
47
39
17
13
71
47
61
74
68
3 3 404
145
206
736
1 2 198
22
20 2 788
13
85
56
81
92
78
21
60
23
33
40
27
75
55
74
97
20
53
64
92
11 1 119
7
7
2
3
8
3
6
9
6
1
3
9 3 981
935
315
683
740
550
829
490
574
487
7 1 753
2
5
6
7
4
3
4
15 3 881
436
365
700
961
218
626
864
450
181
363
746
976
365
986
621
7 1 972
1
7
9
6
4
1
7
8 2 850
50
36
44
14
61
90
48
99
18 2 295
60
22
55
10
79
36
90
55
42
18
75
68
31
68
52
86
77
88
1 2 531
66
15 3 167
555
833
819
430
589
151
288
979
490
659
194
126
825
878
850
11 2 403
81
65
86
29
78
43
27
36
95
27
44
5 1 530
6
9
3
1
2
12 3 700
746
183
476
858
786
273
950
804
498
429
525
274
14 1 886
2
3
4
6
5
7
5
8
1
4
5
5
4
1
