20
5 1 946
3
5
3
2
6
16 4 871
6545
1581
3132
7299
9342
1827
3959
6846
4834
6371
7676
5703
4416
2319
8054
8319
10 3 724
266
966
834
565
871
758
894
651
975
424
16 1 981
9
7
7
1
7
7
4
4
5
2
4
2
1
6
3
5
6 2 949
88
32
78
95
12
93
15 1 638
3
8
4
8
6
6
7
1
8
2
4
9
4
9
1
15 1 717
6
2
7
7
8
9
9
8
6
2
5
5
5
5
9
12 4 616
5706
8226
4657
9001
9863
7405
8439
3605
8962
2538
2875
6467
1 4 956
2302
1 3 883
949
18 4 619
7780
6932
8352
6162
6891
7011
5060
4980
9459
6455
9569
3922
5546
9178
2771
6844
9098
9537
5 4 999
6954
5696
4438
6531
8328
10 4 879
5725
2480
1897
4786
3697
8799
6307
9021
4149
5578
15 3 689
698
263
374
947
328
357
505
629
299
210
644
439
750
251
526
12 3 826
519
221
409
360
870
799
222
876
376
652
959
815
5 4 616
5148
9999
2053
4777
4077
17 1 992
4
6
4
8
5
5
4
1
4
4
6
1
9
5
6
9
6
20 4 895
6847
4950
8229
9445
7894
8288
6278
6808
4492
7714
8364
7312
5852
5364
6100
3722
8041
8466
5420
7390
9 4 586
6282
8394
2677
7222
6365
5674
7778
3964
1318
9 3 940
861
264
235
785
851
105
359
356
854
