20
11 2 237
82
38
68
16
58
19
18
90
58
38
21
6 3 135
472
395
587
518
234
388
11 1 494
1
7
9
5
5
4
4
7
4
6
6
14 1 620
4
4
8
1
4
5
6
7
4
9
5
8
1
5
1 2 466
67
2 2 357
76
53
5 1 945
2
5
8
1
2
9 3 82
236
195
720
884
325
975
876
760
509
7 3 817
751
618
179
599
539
443
728
4 3 537
817
462
155
287
20 1 343
2
6
7
3
2
9
5
3
4
2
7
6
1
4
4
6
7
6
1
5
17 1 174
1
9
9
9
7
5
4
3
1
7
1
4
7
7
2
4
8
17 2 477
39
56
92
59
25
39
41
16
38
45
36
32
68
62
92
59
91
3 2 685
90
71
21
20 3 827
149
639
226
687
970
724
189
244
557
498
164
832
468
111
192
113
939
185
101
280
16 3 183
614
249
258
995
960
336
195
681
980
207
219
741
708
410
515
951
20 1 795
2
9
3
1
3
7
7
2
3
3
1
5
3
3
5
8
7
1
1
2
19 2 746
57
22
25
81
51
26
79
93
74
78
92
35
64
23
91
47
77
37
91
15 1 806
2
8
7
3
7
7
6
2
9
8
8
9
8
9
3
10 2 614
38
32
61
19
73
28
81
81
81
66
