10
3 3 323
353
541
603
19 8 223
82223208
32053045
32654519
85853765
80809984
54345490
50300631
95838529
71388196
47446958
44726933
15980657
41825556
56297510
39484501
64740706
44005045
15268800
59936978
8 9 121
785538502
394483773
686009813
550527487
455894377
883142044
819791033
433182860
8 6 237
235839
740507
373568
545508
525898
929977
266647
994419
18 11 42
92510186960
34580974311
47075908767
22314757292
94829083490
58752172533
67867952870
41101984640
45124822080
63145535459
56564321234
80803899335
81889585610
37459945760
81080462402
38228913313
36635190329
37803791219
17 4 32
9621
7176
8910
2219
6342
5181
9011
6380
1721
5070
2795
1599
4333
7626
1427
8094
5965
5 16 32
3367824123244178
6564648880596426
9372624233534166
5220531088030472
9773449952860554
7 10 211
5269863489
9106337596
9936188312
6768494909
7695310969
2650466402
5135101678
10 11 203
21143044878
49471571710
33725035486
65759157719
11820708206
24765610979
83015415228
99837375002
55132687466
14094131050
2 3 194
867
406
