10
9 19 144
8420875237952679867
5396507399428183340
7759125718675870209
2485478946683072483
9828827981864062582
4531835048500645757
5431865457098301114
4412281648642184355
1896668943056232778
15 17 151
38030762644100903
14823924963069310
10422386460429914
83921550005973834
40849258265082493
15342348583380538
15947741422619507
60189629049975726
45628632903747312
16024736880101131
58221677035346595
12273622386161831
44182653928927848
86115599864401745
71286634274407020
13 12 204
263648915710
895058715489
618430466684
657568783180
430416458693
782525124447
429414741278
123995051430
224687816186
273037591024
709124123343
275887619433
263447407211
10 2 184
60
66
65
66
73
51
30
20
51
26
18 10 169
9085724804
3832471736
5127112142
4826731721
7496495630
4467125748
3526133040
4227296229
6699053084
4396670736
3866351238
9553437528
9559291613
7795821804
4743880960
1761040023
6316796468
1322925685
16 19 102
9402231102877624557
6812554031475547108
6278980938536739574
8958564570198408467
5154574437256244485
2507922571155969043
2588216211811821482
5875288099705054876
6291408928704490572
8630585187051600586
9480171532911049875
8384764519481652105
2338078661951983406
5814389482469114164
5201374941605382057
7615468500020044442
17 7 42
8646149
7274525
9187362
2995203
9476844
4754705
9116313
6247692
5161899
8000528
2437492
7972916
9007872
3971405
7369230
5007948
7814491
20 3 140
882
630
257
188
852
966
786
517
910
290
201
683
215
209
311
807
979
827
234
163
18 8 313
44669070
66961435
25727871
47339010
58364729
87090086
61823856
68301716
28766986
90847573
36025964
85221799
55497243
51578402
49262129
14058605
87573581
99269868
1 8 97
37162139
