20
15 4 954
4376
9295
7910
7057
8047
5641
2027
4485
1251
7527
2158
8213
1501
8577
8238
7 4 596
4498
2461
5307
6005
7891
5236
8476
9 4 673
2201
1466
5723
1971
4541
1536
4091
5089
5025
15 3 529
293
566
193
955
874
875
584
526
884
955
580
894
451
192
494
18 4 706
4239
8354
7918
4407
2418
6048
5735
9256
5438
2431
1672
6494
5690
5229
6822
3755
7622
5902
1 2 847
66
8 1 837
3
9
7
6
7
8
4
9
4 3 714
104
330
833
565
14 4 923
1546
7308
2082
9483
8287
1414
2003
9769
2442
4034
9670
3035
7919
4817
19 2 518
43
72
24
76
16
48
63
80
34
26
68
63
43
97
48
50
44
69
34
7 4 851
6433
7323
2485
7900
7448
8372
3417
16 1 957
6
2
3
4
8
2
3
2
3
5
6
5
5
2
1
9
11 4 531
9779
3473
8451
2892
8257
9861
7454
5664
2818
4740
2074
4 4 818
8888
7604
6515
3368
13 3 879
424
780
399
351
316
467
567
552
772
691
392
441
968
12 3 537
684
313
578
829
123
731
348
314
535
297
664
608
1 1 997
7
5 3 511
268
550
334
694
236
11 3 704
857
556
395
176
800
263
690
573
396
735
111
3 3 979
676
341
315
