10
10 1 73
9
3
8
1
5
1
3
2
5
5
7 6 238
981830
109629
820626
920589
940602
166152
762779
1 14 378
68228909572155
9 4 198
1182
8790
5231
1590
5976
6170
7520
9824
2893
4 9 166
688877303
214672104
203136525
575900665
2 12 295
995846064492
348323961481
9 7 176
4401263
5087356
1910578
3171672
2190831
9228541
2849718
8923301
8551080
6 13 210
3552549909475
9656323983987
7101679994583
8493712236684
1498741697158
7004898221124
1 13 343
2671248640821
8 19 264
7754684211911776474
4472141945962994939
1930100386508589499
2151273610370163238
8593804521882289893
9954193730629772263
8256857698679697374
6782755810702375715
