20
14 1 736
4
8
8
8
9
2
9
1
2
7
2
6
7
6
17 2 251
45
97
45
65
86
41
52
28
54
22
49
99
13
47
99
64
56
10 3 908
704
939
510
788
630
261
625
585
793
773
9 2 866
95
66
17
50
90
88
35
14
26
6 3 239
148
736
261
292
248
902
15 2 168
33
92
87
39
23
66
29
51
81
74
90
73
79
31
72
7 1 630
9
9
5
7
2
4
7
17 1 525
4
1
9
3
6
9
9
5
2
1
8
8
7
6
9
1
1
7 3 816
460
316
534
890
806
383
741
15 3 187
522
967
832
351
526
401
376
160
812
951
489
811
750
238
875
17 3 108
787
688
887
319
875
584
894
275
994
443
727
735
870
614
365
478
662
11 1 110
2
3
4
9
5
6
2
1
5
8
9
11 1 239
3
9
2
4
6
6
3
9
6
6
7
17 1 641
2
2
4
4
3
1
7
4
3
2
6
6
7
3
6
5
8
15 2 777
31
89
26
44
66
93
81
24
91
37
24
48
37
67
54
16 2 613
11
83
48
88
31
15
29
50
58
19
81
18
84
70
28
17
10 2 647
23
79
37
95
24
67
52
17
32
83
9 1 805
1
7
9
1
2
2
5
6
4
20 2 451
51
36
27
86
87
24
28
28
31
71
83
97
89
54
76
37
65
68
36
43
11 2 703
86
83
16
25
46
45
69
26
66
75
42
