20
14 3 134
207
744
712
321
217
185
107
648
996
575
442
846
814
652
13 3 440
914
754
497
258
611
420
341
335
882
256
650
404
238
5 2 707
77
35
65
81
12
11 2 982
65
40
87
87
49
17
19
71
13
62
87
9 1 218
9
8
7
3
1
8
8
2
5
4 1 257
3
9
3
1
5 1 861
7
8
8
3
6
7 3 608
558
491
737
970
131
673
422
6 3 946
497
161
855
157
978
139
9 2 197
44
62
49
65
25
71
83
95
91
9 3 665
813
635
788
756
864
801
409
194
216
5 2 336
58
26
36
53
79
15 3 538
422
531
180
684
138
468
969
307
208
333
808
312
812
636
334
1 3 199
336
1 3 966
328
2 2 591
21
99
9 1 663
2
1
4
8
6
5
5
1
3
10 2 549
35
44
47
32
67
89
94
82
99
68
2 1 189
9
7
11 3 263
835
218
881
708
107
986
650
108
733
166
609
