10
10 16 317
2080250734280660
2521338498750084
9272401287342638
5778269362707878
4989268574586936
9484504805342023
2004841801934379
1879709874369225
6471410985113992
7939348065583397
7 13 148
8334007474667
7250915224189
1654246002513
5711452684708
1981768256106
7876720614211
4660606465632
18 8 102
82851697
27337820
32097033
52618993
64082037
95981561
15672932
10689517
20226230
86693130
54749457
77060633
64611350
63076896
97535904
24556139
90061785
58571276
3 16 59
3587052212369888
7285552379532740
5755368327997280
17 4 197
1765
8026
4554
7759
5653
8040
6216
2132
7092
1722
9668
2051
3797
7539
3269
9232
6802
1 3 26
780
14 12 351
846822669189
360590204267
351556363805
400864118928
896305780719
885896695768
704352293350
985442429809
170484265743
915207229828
113584606690
971417165924
857478174664
328520990973
15 13 332
9723915153485
4915911360172
2268049390457
1640443222503
2233647615051
9159967839301
3281149830584
4528125942721
3326101661192
3903216964020
3460910864848
8909041836924
1638606446852
8729974084555
1086382912449
18 4 242
5081
5776
3528
6628
5267
6840
8138
4817
1091
1656
2486
9653
8453
2208
3525
5654
3906
8128
17 7 292
4495933
9547015
9107378
8998036
7417512
1587696
5050529
1646228
3234202
1186266
4700549
2528110
2004582
5692207
5273201
1848723
1324147
