20
2 3 961
940
727
7 2 275
97
72
11
62
53
96
32
18 1 124
4
8
1
2
2
9
2
2
3
4
7
2
9
7
4
4
4
1
14 1 814
3
3
9
2
2
5
6
1
3
6
1
9
7
6
11 2 220
34
71
10
50
61
63
27
84
67
90
74
8 3 799
864
177
530
772
727
473
936
898
18 3 288
592
559
575
560
834
269
262
894
872
717
501
393
995
900
291
711
505
458
13 3 350
531
271
337
695
451
221
629
117
136
632
697
979
750
10 1 785
9
3
9
3
5
4
8
5
3
2
10 3 499
444
694
552
591
167
615
833
656
364
628
6 1 799
9
4
1
3
2
7
3 1 199
7
5
4
11 1 734
6
5
1
5
4
8
3
2
6
2
8
6 2 752
69
56
18
72
38
37
2 2 165
20
58
3 3 581
739
219
625
18 3 622
929
412
728
210
505
773
416
234
350
124
460
921
954
758
732
323
907
931
13 3 634
733
258
258
739
648
566
683
249
617
101
805
520
903
19 3 654
187
996
186
640
820
460
487
419
348
792
810
382
366
829
334
207
207
211
519
10 1 142
8
6
3
6
6
8
6
6
2
9
