20
9 2 53
85
18
16
80
42
42
28
72
31
5 2 672
26
18
97
95
14
20 2 137
88
20
84
57
48
22
21
16
60
30
25
87
94
64
29
26
16
62
28
91
16 3 767
325
992
787
163
945
768
303
681
574
236
653
832
473
956
628
842
8 2 388
17
45
75
79
96
99
37
96
11 1 722
9
3
4
6
6
1
8
9
8
7
7
2 1 148
5
6
18 3 95
876
129
601
271
756
846
223
572
293
687
887
413
295
443
543
299
947
332
16 2 87
23
93
77
65
68
19
41
30
10
63
62
73
84
51
23
58
10 3 570
538
739
606
900
611
264
616
805
946
320
15 3 993
855
542
668
122
510
684
850
957
712
741
496
625
527
110
241
8 1 827
1
7
2
4
6
7
1
8
7 3 59
780
194
111
283
108
268
896
8 2 155
93
80
39
57
41
55
34
32
15 1 107
5
2
6
8
6
9
9
3
7
9
2
7
4
4
3
19 2 301
31
37
50
34
60
89
56
59
39
73
63
42
34
60
45
15
95
80
50
3 1 794
6
5
4
7 3 520
724
387
427
744
125
124
808
7 3 496
681
791
880
397
546
895
271
14 1 348
2
1
6
2
5
8
7
2
1
7
4
5
4
8
