20
11 1 938
6
5
4
6
7
1
9
2
6
5
9
7 1 811
8
3
8
9
2
6
1
9 3 339
729
687
944
483
993
934
632
280
475
3 2 740
98
74
10
5 1 978
6
7
3
6
7
16 3 448
138
429
643
280
758
361
984
622
911
970
690
604
260
553
858
151
13 2 969
89
92
80
88
17
44
97
96
46
91
68
35
24
4 3 117
272
521
170
974
12 2 212
13
65
62
17
57
67
46
79
73
88
91
98
11 2 988
32
38
67
38
19
44
58
68
14
63
33
6 3 241
459
644
795
603
456
200
9 3 605
178
182
620
157
755
630
653
902
446
7 2 755
65
82
43
61
42
36
69
5 1 365
6
4
4
6
4
2 3 709
951
589
6 3 920
699
708
712
909
375
709
9 1 85
3
4
7
9
6
7
7
7
6
9 1 385
9
3
4
6
2
5
1
7
3
12 3 145
127
509
594
227
125
851
368
984
121
246
889
865
16 2 300
83
76
76
91
54
81
38
79
69
74
32
41
86
78
91
47

