10
8 5 354
19181
93673
36159
95549
37705
24036
52050
52937
9 2 208
97
24
52
82
67
49
34
87
29
7 17 347
88350320637117149
43853265067720429
35717312114976770
90491873321844565
53533932143854182
36359006420451721
29884854741762452
2 14 294
17512838177808
37155237845579
14 2 260
42
39
87
65
23
25
37
47
21
45
27
19
73
10
6 19 226
5777645875918355648
1675006610951185488
3002131774762630845
8907769537844309180
7879224390689774999
1692460933338729021
17 17 224
68977600625139634
88238960126949663
80264586460492917
86355958118537426
95834969181645197
38325976557143745
25425701952477014
51755625777644200
80206206271606533
44397853006005071
98321099218934708
30000851499481114
41237504697818731
36952184514878488
31099384228295180
71743847989170683
21516017884443847
18 16 75
9026672818646841
5059541394599213
5921267309978558
2991354745875728
6787959865998008
6217037260218032
5286943717296713
3632145803775746
2908318391787597
3401536809803898
5229989226418719
3318094466857339
4696605132411431
9654069478489909
8150973533517099
3140340528984646
9523173142918953
7220255710794726
15 20 281
58385071902246569075
20654494102045150790
93984719158335470694
17970062963515551729
56610787035793180328
72619366612369450716
17798374078106985758
92389694511449780743
52038740695777363458
30321479542436880244
52442315914181763679
84030611566145168361
87291248847178983217
72646585536492611875
38309750184749152431
18 7 107
5055084
2041494
5638471
1123269
6884825
5952207
2109428
5198612
8701286
5085323
9183523
4062953
6740968
6801080
8939649
9013783
9338939
9567824
