20
19 2 192
89
63
70
64
54
47
23
70
76
96
82
84
96
98
52
69
54
94
87
18 3 65
699
503
468
130
986
956
591
274
352
558
646
824
965
604
875
959
688
588
3 2 162
45
56
54
5 2 691
13
93
53
34
22
4 1 624
7
6
1
9
8 2 101
21
10
29
24
61
48
98
50
9 3 591
248
777
506
115
921
753
109
440
919
5 1 150
1
8
1
1
7
3 2 169
67
37
17
3 3 924
877
820
586
14 2 127
64
17
10
84
48
44
45
96
22
82
45
83
43
56
18 2 328
95
20
39
56
42
98
37
47
95
90
19
76
77
98
15
62
40
11
11 2 542
14
59
73
50
65
26
35
95
43
83
96
2 1 225
3
8
13 1 289
4
7
9
8
4
4
2
4
3
4
8
4
2
17 2 854
22
31
18
46
16
46
95
43
80
11
27
57
82
73
35
26
43
16 3 522
221
442
190
346
489
820
242
726
728
230
980
613
319
544
246
657
15 3 501
429
766
217
560
662
497
966
442
200
786
552
728
207
175
650
17 1 88
1
1
5
1
1
6
2
7
5
5
8
8
7
5
3
5
3
16 1 318
2
5
9
5
5
7
9
4
6
4
1
8
3
4
2
3
