10
14 12 315
772609550155
432813874623
913430095831
955135207708
295841730096
217368594968
973696067105
692081741411
396583354845
213846868674
813505550766
866592312962
717824816077
949886168378
3 9 61
407365135
216001649
575553072
4 20 367
22088825419901453783
13348425628759489550
22792946636331192250
80408012250914687933
11 20 142
45174128548107571071
33467809332082768818
77368316905441057688
93289780788975861791
87953042322865108339
22899067063443274116
17640300351393445447
80702044632222231005
92143460054791290159
53172117845334660701
32465464864851389145
13 13 186
1366567851006
1383454415338
2969251978652
6198271410397
1086386289183
5150808756001
6002247923501
2995816586761
3260634935550
1685323972186
2919312232912
5424141287025
1606354763585
1 18 72
875897883939216549
3 20 41
27355440222046471639
87187135460012632083
30282221495006136606
8 18 252
684074004072046349
333243529930175367
151367531460625700
382020984804698610
603177540314584173
745677326894038847
450861382058952934
512213233667379307
15 12 258
866149455529
273056983190
648501205700
266720906688
537801573097
188376398797
974159781323
182390283648
175185577530
445604917744
892283233475
222273062887
971681887209
122648651360
182062387418
7 4 285
3370
6427
2659
8715
1240
2655
2037
