20
12 3 577
357
498
630
504
299
465
991
820
308
294
538
765
14 4 631
3759
6867
7314
3656
7669
9901
2034
2449
2077
1656
5742
3136
4391
6465
9 3 685
646
950
343
706
721
134
101
386
242
16 3 877
943
902
978
802
424
869
312
636
260
329
844
423
806
788
530
949
13 3 679
955
166
193
789
297
200
594
522
132
143
706
891
723
10 3 947
827
573
724
997
500
695
570
709
756
292
10 1 970
8
4
2
7
7
7
4
9
3
2
15 1 953
9
2
6
9
4
1
5
6
6
7
7
2
1
8
5
13 3 761
440
450
393
666
142
544
515
293
805
524
619
575
657
16 4 892
5152
3753
5164
2567
4343
6291
9142
3960
6513
5479
9854
1557
7258
8143
6677
8083
1 4 782
9304
9 2 893
54
86
32
52
27
98
89
70
12
14 2 972
84
20
48
73
42
51
62
35
78
88
47
86
50
75
12 2 721
77
59
59
34
16
68
77
78
92
99
53
46
13 2 720
36
22
26
55
20
41
60
26
76
31
31
88
42
4 2 571
76
48
91
13
5 2 686
55
89
90
56
44
12 2 644
45
84
11
86
29
80
69
97
50
72
47
56
1 3 970
751
12 4 607
6460
9878
5005
4468
3795
6833
7220
4321
9270
1778
6728
7841
