10
3 15 382
680226604869806
247811482767056
495279565899753
3 8 80
90990003
50662765
75952702
2 1 256
2
3
19 3 397
815
110
624
991
678
973
778
573
205
470
986
460
512
513
598
152
309
677
228
15 3 373
284
870
535
309
470
189
453
700
293
508
508
477
206
874
307
2 11 322
56452885072
84226348413
15 20 213
13232598922805445768
68009780100126534935
52834458268731947766
50071436851311176615
44217588746014212628
40614500912869925730
55918752163272695898
59157215967745800337
32628645231258670161
96171055634649206792
58980150912016086423
40864974490874562522
62568329126752997963
99684582886108506910
42090462814822379571
4 5 254
19310
13497
50564
44280
15 20 184
23009013261623961431
50864166330789823530
20803213508120970229
25380922015437123786
41236061236456904196
61407557197287931507
27181045555792442852
39612133528492836795
61961798060628063802
69045219025441901078
84327169363944612365
32054382686845107095
15574800200434552788
64773921235507577569
38086214598305064493
14 5 165
48106
93206
40518
15564
26320
60818
47169
56363
35946
38240
15858
33936
56772
79719
