10
15 16 220
3259137913783459
3731174926203275
3900576380442221
4623758239125281
2244966621495257
7378410541191806
5248104154101451
4347100826471097
3662792119328563
7218620926755522
2093518754839742
9455137417053700
4534005684146894
1604254364206936
3524143194512473
14 10 28
8779692396
2288117883
5952092072
8683520626
4616659671
3001078084
8687414497
6709711339
3111489556
8680674028
7368495485
6634749467
7121480253
6818677014
17 13 327
8689981733997
2194635816501
6264735501842
4291465004946
1822813359276
7930126547266
7636981331155
7264489640447
6540456240668
2487423071507
3745879252683
6771211482916
3419708349629
1158605413898
7550621959339
2190895836779
3232305097604
17 17 192
80647628423084346
62066115869137030
77527850114900598
74717240294993006
97214373813219330
83477346724288866
15951193555139932
80539535074204226
32281723937433957
88048156543401548
83740462473717253
27032132749454320
23860949894545965
60115374485457390
78148134313442310
31008643711603598
82099450380502329
11 16 33
6876854834340387
5205417575884880
4606816014122300
8981717409776256
6228935795833530
1857991123987115
2695099219855330
4047572832103218
8640185574795351
8731238895265689
1428309570115529
16 20 291
92443085172188516481
80528218541330481712
53386813415784171351
26930822083649487401
74500343186339727208
41098613980208647546
97737671045542964924
84434257898439969243
69861403843897829359
91851248854468663019
58839578990098812642
73587771159134587387
32475417307455130344
85412589616838182625
32781075523879366131
41917701690211431433
2 2 361
92
90
9 3 143
181
685
259
541
700
640
225
584
310
7 13 95
1794771263160
5589319864877
9348576568102
7743388203249
2258497179257
2588476390209
9981637817951
8 20 256
87782589798925013646
34188817310438987308
49035978791636813105
35257890836876716383
68406661739716862305
84148597628754741395
80786470650397573511
42891610635168502498
