20
11 2 969
88
53
39
89
32
90
88
60
69
94
29
11 3 997
501
267
811
142
650
225
359
448
822
887
327
15 1 819
6
3
8
7
3
7
4
7
1
8
1
4
9
4
1
4 3 985
550
146
937
423
11 2 880
52
10
91
63
43
32
37
96
20
82
40
8 3 829
252
813
223
663
664
384
154
905
20 2 897
85
30
34
21
18
47
54
21
26
65
39
69
81
60
26
80
56
38
14
42
2 1 874
7
9
12 3 638
352
913
428
186
177
175
150
174
600
477
801
658
16 4 918
5136
2818
5201
3422
5777
5010
5525
5587
6264
1255
5426
4902
2338
1130
1990
8503
17 4 879
3454
6540
4109
4618
7575
1797
4483
2482
2373
2707
8124
2244
9737
3232
8503
4483
6331
5 2 579
87
56
81
51
73
5 4 630
1058
5202
3641
7535
4760
14 3 718
176
975
434
926
634
498
437
895
541
756
362
546
806
766
20 4 506
8702
2609
3007
6241
1955
5483
1435
9416
8776
9051
6327
9073
8839
7641
1345
6406
6118
5764
7325
7515
10 3 762
373
938
407
985
937
966
338
852
188
716
5 2 509
95
76
25
32
91
4 4 800
7754
7087
3587
8932
2 1 903
9
9
4 3 948
864
488
755
602
