20
13 1 939
2
1
4
2
5
8
3
2
1
4
2
6
7
18 4 556
2803
2831
5947
7482
7259
3754
2862
9784
9467
2394
5565
8487
9941
9691
4122
1579
1478
2742
4 3 850
921
787
380
765
11 3 547
521
256
944
126
592
366
301
810
512
962
934
9 2 860
55
62
35
62
20
93
23
88
74
3 2 775
34
15
82
10 2 659
27
80
63
32
82
22
33
47
40
12
19 1 547
6
4
6
5
6
4
9
5
5
3
4
2
9
3
5
3
4
1
2
18 4 910
9118
3866
9617
2846
7996
5687
1789
6547
2830
5078
6178
6700
2107
5417
2045
8741
3542
4864
16 2 855
94
18
58
77
90
18
26
32
44
53
58
29
12
67
29
88
1 3 715
938
13 3 909
150
907
586
610
626
111
382
365
976
171
525
231
137
3 4 793
6956
4270
9202
5 1 581
5
4
7
5
1
15 4 514
4166
6072
3526
9650
9905
8418
7731
6222
3516
3628
2774
7703
4467
4677
7313
20 2 538
80
73
53
27
22
57
62
94
41
46
25
40
83
90
65
76
73
12
22
91
7 1 969
4
4
4
8
3
5
4
16 2 960
78
78
34
92
93
60
19
37
84
87
29
22
57
16
27
68
11 1 793
8
3
7
8
2
8
3
5
9
5
9
20 1 887
8
9
1
8
7
6
4
9
5
3
7
3
4
7
2
2
6
5
2
6
