20
6 2 930
96
96
79
97
56
44
20 3 588
601
420
424
169
346
450
668
933
864
291
579
972
171
507
703
109
506
313
718
958
13 3 575
741
991
106
286
874
509
281
252
430
487
614
385
662
10 3 695
924
196
290
423
223
655
429
151
158
156
17 4 928
2211
3827
2013
1861
1467
3725
6258
3351
7537
1736
8152
4730
8524
3707
7225
6444
8291
9 2 662
83
58
47
93
14
32
22
38
33
13 2 878
77
82
61
33
82
67
35
11
15
75
51
15
77
9 2 740
84
20
20
91
85
19
71
55
96
7 2 710
57
17
31
60
62
70
20
6 2 843
72
47
25
50
12
19
6 1 950
6
2
9
8
7
4
8 1 934
6
4
3
2
3
1
8
2
13 1 896
1
7
8
9
9
7
9
9
8
1
2
6
8
13 3 702
698
194
276
584
321
234
441
274
902
186
740
214
142
12 1 750
1
6
2
4
3
2
3
5
6
8
2
5
17 3 837
929
538
629
958
302
990
429
542
479
903
232
929
565
795
490
130
696
9 2 999
84
23
70
99
42
99
46
38
93
7 4 962
2284
7519
9655
8636
5024
8475
3067
6 3 927
441
494
880
165
214
209
10 1 634
3
8
6
9
1
1
1
7
1
6
