20
4 1 627
4
1
9
6
8 3 749
868
310
261
260
562
405
288
495
4 4 942
5518
9662
9125
2797
4 4 914
5485
6740
3457
7694
12 1 843
7
8
6
9
4
8
2
9
4
7
9
7
2 4 671
5160
3215
20 3 554
926
568
740
182
244
865
489
564
126
997
364
453
528
231
831
161
129
416
261
573
1 4 988
4025
10 1 724
5
8
9
6
3
1
4
2
3
9
19 2 661
45
56
44
80
14
66
25
68
31
34
76
58
42
91
72
91
69
63
99
4 3 699
924
335
415
994
12 4 964
4594
9449
5850
9627
3329
4337
2594
8696
5948
2044
2723
9947
8 2 922
77
25
91
43
21
81
39
26
2 2 770
77
50
5 4 641
3179
7529
5339
5633
6629
2 4 545
3079
8238
13 4 514
8116
2978
3317
1472
9086
9316
5325
9244
1504
8527
7161
3961
7106
3 3 723
212
264
122
4 4 711
2995
7087
3914
6744
14 1 796
6
4
2
4
3
2
2
5
7
7
5
6
2
4
