20
18 4 635
6277
4915
1899
7061
6106
3229
3931
2631
9971
5167
4075
2731
8557
7992
7789
9539
9154
6037
2 1 750
3
5
5 3 755
936
795
672
157
224
3 3 692
576
429
741
5 1 549
2
4
9
3
6
18 1 729
4
2
8
3
8
8
7
5
3
2
5
6
2
1
3
6
9
8
1 2 741
52
6 1 854
2
7
5
7
4
7
20 1 595
1
4
3
1
9
3
8
2
7
8
8
8
8
2
2
5
1
3
6
7
1 4 770
4788
3 2 690
81
48
91
6 2 908
31
72
81
13
52
64
2 4 872
1188
1506
6 4 952
3767
3966
3016
8918
2281
2980
14 1 598
3
7
8
7
7
1
8
9
7
4
2
4
4
6
9 1 882
7
1
5
5
6
5
7
3
2
4 2 539
44
67
89
89
3 2 644
61
65
33
8 3 602
934
402
182
995
774
717
755
945
5 2 719
82
32
45
46
23
