20
11 2 760
47
42
24
68
69
16
78
83
57
31
53
13 3 554
574
439
237
860
429
222
228
398
135
100
929
762
428
17 1 147
5
6
5
6
7
5
4
1
5
4
8
5
3
8
8
4
8
2 3 240
803
536
20 2 963
52
50
19
47
77
51
62
70
78
29
41
34
59
56
78
87
52
18
17
85
6 2 744
98
15
96
49
59
27
11 2 442
59
68
92
87
10
56
45
22
69
26
58
9 3 774
687
901
389
545
619
773
310
356
816
13 3 783
311
234
497
924
190
561
941
403
584
487
413
694
257
2 2 484
87
60
9 2 661
41
86
28
73
99
68
74
62
68
16 3 551
487
500
167
486
707
713
779
761
115
439
907
545
308
196
653
614
8 3 320
538
887
453
744
521
108
737
800
1 3 727
294
13 1 595
3
2
5
7
2
3
4
4
1
7
4
3
5
11 1 562
8
4
8
5
8
4
7
9
8
1
1
2 2 213
51
76
9 3 811
813
306
155
947
795
622
674
800
559
15 3 865
496
135
153
845
906
877
729
858
776
851
448
722
585
161
274
1 3 685
625
