10
19 15 48
165775624805520
904531520009355
292686970809661
876994099577687
585077275184822
471617197455615
825412835978188
350939708991753
873704385182918
390707002059761
614202117468462
152145108176616
645236622878441
428988522378286
969586520554332
147795736919838
524170329698929
738400918235863
375823403716133
7 17 38
85306349413814871
54517288214107920
26287800862025211
25385419958723307
49313160571661466
31516379206127310
18818636206257771
16 4 87
8333
4502
2529
3539
3778
2777
5800
1785
5523
2185
2208
6064
9419
4752
6746
8150
4 12 351
641413850944
258994810902
301850401988
234477814494
7 6 218
425587
581097
432404
654443
682887
662022
218548
1 10 59
9151178761
10 13 205
2440650357850
9238509600172
6841678743862
9961441069375
8998756760308
9701812120608
8466764935792
7756012793152
5153790502081
1994226539555
1 11 338
27115645657
17 1 211
1
8
9
9
3
7
3
3
5
7
3
8
6
6
9
1
1
13 10 52
1690096751
2216452917
3525446085
7343925592
8594415358
1247912858
8776120421
7087258877
3020627646
4033828915
1179754504
2086988559
8357611880
