20
2 4 856
8770
9511
17 1 788
4
8
2
2
9
2
2
3
6
9
7
5
3
4
5
4
3
14 3 724
879
117
242
122
272
758
591
875
857
150
987
891
783
275
2 2 981
57
46
19 3 967
443
441
580
487
247
256
859
378
239
629
127
348
704
278
364
642
525
923
851
8 1 659
6
4
6
9
7
1
3
6
20 3 685
555
102
299
110
768
410
795
124
307
517
747
913
779
678
880
215
654
230
862
569
5 3 908
648
588
175
492
237
14 2 633
21
50
28
28
85
11
18
96
24
38
72
43
73
84
16 4 527
8772
8917
4062
1341
5673
8945
1553
2317
5610
7454
9743
1158
9134
3908
2510
7825
9 3 878
793
930
711
521
159
629
829
161
372
20 2 756
89
75
64
37
23
12
61
49
84
76
76
68
97
15
57
72
30
72
79
44
11 2 510
56
60
29
95
48
24
45
22
27
53
81
3 4 616
2989
2282
1893
14 1 826
1
2
2
2
7
6
7
5
1
7
2
1
7
6
18 2 749
65
50
15
79
20
60
28
95
14
88
19
88
71
97
60
31
61
68
14 2 672
46
65
15
33
21
57
75
61
64
41
69
62
62
63
18 4 953
3018
3585
7001
3723
1813
1349
5546
9201
9148
7115
5352
5578
7151
9002
4773
6190
7686
8244
9 3 910
551
838
362
211
304
514
646
292
952
17 4 956
6807
6232
2170
2370
8909
8971
4977
6564
5273
5835
2712
7864
5073
1478
3841
9054
1944
