631
574125 294344 441923 572423 243799 136713 519532 537637 335105 769553 6899 832369 586881 246794 272189 771697 89597 86257 444641 26839 771192 43577 723043 470429 453247 287597 618841 541369 470219 625213 591457 291331 284149 24710 805583 627773 814859 886867 996899 466567 723761 217619 932677 899659 796777 905299 514199 89103 847376 238939 66403 82499 703108 181459 315228 683807 650527 855767 820629 62047 378402 624577 850537 161377 327263 615767 422363 941929 263819 821575 801539 710383 73681 459189 404837 867014 264769 745931 357283 739363 130729 365479 539003 484111 196799 678607 82699 513871 84221 952037 481813 21577 91499 794587 255517 762876 390389 500501 803497 670211 528863 526763 334943 97259 139676 647527 165343 734803 947239 710473 95219 402631 458971 195047 508019 176261 420769 857333 412073 293651 706948 421483 689209 89849 717539 549949 197359 144379 374093 510781 25300 111919 85363 686789 679807 191903 889261 844643 966913 498271 228929 93983 745973 563047 5659 486947 588241 711749 816203 796709 510328 445229 218381 850481 325027 816 447507 172243 702587 498026 938350 444817 280883 911087 487057 37463 965369 766421 231367 141853 990034 239753 808740 748669 102436 36161 18911 403547 711409 213253 490591 653963 349043 451879 79729 266687 294893 830939 710989 699449 723215 590851 696061 630911 337097 779131 75353 544406 224633 705031 745747 183697 163637 197909 176489 2381 261983 268517 980299 826271 364267 973481 529393 536593 548521 387227 27299 499747 350881 508451 137209 873989 414217 133213 344177 642701 268733 249311 871621 421574 587263 515159 530261 588083 185569 676469 24793 876335 787954 790277 234131 407503 805153 712357 842599 82039 669318 262921 891151 537781 180473 195863 514429 28703 271333 613169 659849 967823 771553 774856 882377 533821 680321 562169 962569 117499 877361 857459 730789 872959 102499 471634 525167 602309 327779 52511 117773 149287 98347 460571 27529 218363 203279 314263 574619 89096 246119 268733 120079 93811 411613 384227 125707 912670 310741 725909 39667 675478 567533 104381 321961 151451 76667 797 714036 357281 93559 391921 878539 522061 882031 190507 487612 313993 235289 431911 300007 632459 742503 202 424105 893059 523435 698983 336799 443837 846248 13709 597053 96243 20012 850439 282589 489409 26003 279637 192091 456727 917585 527053 202661 892621 907073 963973 80491 729497 698359 165833 136273 903079 662617 556828 229751 35837 255413 276513 906767 944431 508969 902772 217849 506491 11299 131893 988483 409027 320449 274237 536189 796619 745699 938533 595943 82128 356989 67047 510217 920407 608767 49279 785651 358073 113931 538926 715739 292489 155849 344171 839087 430863 762959 807113 292057 591691 953041 477677 689869 590207 905209 250924 50535 496343 474422 176161 454849 373327 852363 892987 960493 896353 488381 325627 211661 818184 772790 818561 259019 770867 685073 87071 694863 726101 936928 990687 826379 424716 909247 318701 662247 668209 753329 561033 133162 635981 305023 565433 789077 812341 511081 161267 518657 360509 882967 258613 664549 281405 821525 895757 760063 711497 516599 856993 222174 828691 179269 612637 227027 297503 86461 602639 39367 347957 574529 191453 847883 670211 995531 449347 886583 272231 960763 668747 72467 186959 263111 262991 712573 350771 461381 895179 469823 483481 999584 669455 877948 472349 401651 690139 74047 1129 961679 108461 588619 883429 378571 239731 211789 301843 509071 252817 129499 474307 901221 396563 263416 1401 663869 878299 264893 5521 78787 655687 404981 595786 853888 381314 1229 160789 457001 653623 654650 411774 330331 39409 123551 412019 860423 758231 450909 156347 39367 177907 545329 238627 451921 981703 645893 15767 930467 677333 885135 817867 661679 550757 45771 214305 955711 632406 720335 351041 548749 263429 176207 771389 174631 494466 931943 520609 619 453107 739549 845261 491851 353321 568507 759673 691290 145193 492007 984817 33101 691051 667211 10891 181219 208223 485053 207877 76819 665603 536561 577781 427711 168887 574109 842973 99079 506683 429281 521063 176509 176921 67634 309481 533921 954500 923411 157349 495743 886007 993827 932891 768221 524869 705335 155357 726337 88813 192317 320081 10453 916651 50821 102253 331883 252971 206299 561461 85817 240746 832151 185826 3209 453977 118163 674473 707671 97549 556931 751301 305933
844
B 440 504
B 595 324
B 120 514
B 23 540
A 350 528
B 528 528
B 528 350
A 465 131
B 528 465
A 27 455
B 350 27
B 27 528
B 350 465
B 27 455
A 383 605
B 455 455
A 328 52
A 365 147
B 365 328
A 445 342
A 203 22
A 461 272
B 383 131
A 576 105
A 23 507
B 605 528
A 68 228
A 521 135
A 385 460
B 135 23
A 158 161
A 267 617
A 105 231
B 203 147
A 471 181
A 7 590
A 293 554
A 86 533
B 342 460
A 552 414
A 524 339
A 299 436
B 267 521
A 364 56
B 131 445
A 482 212
A 349 350
B 350 365
B 212 617
B 364 328
A 143 413
B 350 131
B 342 413
B 414 203
A 581 376
B 524 293
A 620 569
A 501 556
A 149 171
B 365 465
A 302 152
B 203 339
A 600 542
B 461 342
B 52 376
A 196 123
A 579 191
B 554 605
A 36 454
B 293 56
A 170 203
A 508 477
B 528 552
B 365 231
A 16 184
A 524 25
B 131 579
A 396 493
B 68 22
B 364 7
A 237 221
B 414 460
B 365 171
A 543 220
A 523 372
A 570 354
A 271 460
B 376 299
B 372 149
A 62 607
B 554 7
A 472 124
B 68 220
B 533 600
A 338 435
A 433 304
A 516 252
B 220 460
A 4 601
B 143 376
B 342 508
A 451 556
B 383 376
A 599 19
A 334 229
A 573 628
A 462 518
A 94 438
B 191 569
B 581 438
A 18 181
A 244 486
A 17 226
B 542 25
B 196 524
A 165 79
A 564 562
B 620 472
B 181 184
A 54 178
A 414 485
B 231 165
B 605 147
A 1 490
A 409 538
A 492 283
A 183 31
B 508 493
A 126 476
B 342 542
A 233 629
B 229 54
A 320 214
B 293 196
B 338 299
A 520 565
B 501 600
A 274 44
A 441 412
A 181 440
A 261 493
A 512 411
B 601 105
B 414 212
B 320 518
A 603 313
A 573 16
B 350 533
A 244 98
B 339 460
B 533 601
B 36 313
B 396 477
B 601 460
B 364 477
B 126 600
B 16 23
B 543 244
A 430 520
B 62 385
B 267 304
A 220 442
B 52 44
A 465 94
B 261 436
A 588 160
B 171 441
B 261 454
B 543 19
B 18 590
A 487 20
B 36 461
A 236 529
B 283 441
A 624 44
B 569 20
A 292 462
B 629 482
B 147 520
A 359 433
B 147 105
B 283 252
A 463 507
A 254 252
B 181 338
A 533 179
B 477 299
B 36 520
B 462 354
B 412 438
B 229 573
A 435 8
A 76 227
B 244 600
A 310 456
B 231 501
B 461 438
A 132 626
A 104 621
B 56 576
B 350 605
A 52 513
B 328 76
B 413 600
A 448 535
A 142 588
B 293 472
B 507 244
B 31 461
B 56 252
A 256 183
B 267 54
B 359 338
B 22 214
A 248 377
B 310 471
B 226 603
A 226 26
B 493 454
B 68 535
B 462 601
B 493 8
A 132 291
A 98 116
A 299 464
A 607 503
A 138 30
A 9 622
A 183 415
B 299 415
B 26 523
B 1 30
A 64 455
A 352 345
A 273 239
A 33 129
A 154 583
A 625 211
A 113 408
A 152 615
B 460 476
B 191 261
A 333 579
A 408 189
B 33 19
B 239 435
B 372 620
A 210 92
A 154 267
A 574 271
B 203 302
B 214 442
B 160 33
A 2 200
A 81 246
A 325 387
B 512 181
A 249 46
B 533 196
A 82 4
A 198 620
B 472 461
B 22 512
A 141 1
B 624 565
A 486 153
B 16 629
A 286 354
A 435 117
B 412 507
A 591 444
B 460 293
A 146 312
B 364 94
B 465 237
B 588 105
A 371 512
B 132 313
A 434 432
B 179 533
B 626 86
B 352 625
B 132 462
B 430 203
B 252 590
A 425 525
B 477 588
A 540 356
B 460 349
A 484 70
B 540 412
B 293 313
A 20 126
A 95 403
A 230 228
B 486 62
A 268 110
B 385 409
B 54 271
A 593 5
A 429 213
A 256 40
B 556 579
B 179 147
B 436 165
B 8 350
A 422 68
A 363 471
A 90 419
A 216 238
B 268 76
A 21 523
A 460 525
A 396 126
A 67 331
A 509 65
A 386 80
B 599 248
B 124 299
A 281 606
A 584 330
A 262 46
A 94 37
B 30 104
A 449 391
B 271 2
A 426 545
B 409 576
A 61 128
B 485 104
A 250 558
B 271 512
A 534 376
B 413 98
A 310 435
B 123 273
B 620 220
B 299 565
A 225 619
A 450 136
A 412 201
A 35 257
B 68 523
B 132 7
B 142 178
B 435 17
A 144 279
B 412 152
A 337 514
B 203 312
B 250 46
B 411 203
A 575 621
B 454 95
A 357 199
A 254 358
A 608 296
B 227 233
B 482 20
A 236 379
A 7 245
A 33 3
B 556 70
B 396 520
A 193 103
B 608 619
A 46 125
A 579 168
B 460 629
A 150 190
A 10 275
B 16 342
A 468 511
B 292 25
B 152 430
A 18 236
B 220 23
A 487 83
B 521 579
B 35 103
B 396 203
B 229 181
A 297 265
B 220 429
A 424 600
B 245 181
B 233 250
A 136 435
A 277 198
B 455 296
B 524 35
A 300 311
A 279 157
B 70 237
A 367 514
A 437 111
B 435 9
A 354 269
A 348 620
B 201 508
B 516 220
B 54 46
B 237 291
B 454 408
A 509 16
A 121 247
A 322 616
A 603 55
A 543 258
B 246 249
B 90 411
A 629 404
B 238 36
A 369 568
A 573 431
B 179 485
B 565 520
A 50 199
A 465 32
A 473 417
A 584 429
B 190 104
A 128 595
B 369 129
B 435 104
A 238 236
B 455 147
B 146 622
B 574 573
A 539 606
B 126 239
A 580 423
A 279 150
B 81 199
B 33 245
A 395 23
B 423 211
B 372 616
A 42 314
B 580 268
A 232 243
B 30 94
B 183 350
A 482 187
A 271 509
B 271 556
A 581 179
B 283 144
B 196 160
A 124 469
B 46 113
B 435 244
B 199 584
A 113 71
B 440 126
A 584 266
B 518 461
A 214 317
B 126 35
A 474 397
B 160 514
A 118 584
A 631 192
B 620 345
A 542 607
B 460 136
A 10 78
B 359 7
A 72 578
A 408 206
B 620 183
A 606 165
A 221 401
B 562 339
B 296 3
B 435 7
B 608 5
A 175 481
B 565 152
A 483 11
A 561 413
B 19 220
B 55 132
A 209 392
A 483 247
B 16 313
B 396 543
B 449 220
A 140 397
B 621 412
B 449 437
A 308 211
A 141 197
A 75 10
B 356 181
B 213 578
A 217 229
B 556 320
A 614 267
A 374 414
A 340 498
A 204 254
B 348 552
B 590 265
B 98 468
B 468 588
B 7 464
B 584 113
B 486 413
B 261 308
B 70 578
A 320 559
A 132 479
A 331 33
A 397 546
A 431 579
A 256 33
A 410 511
B 352 559
A 30 68
B 46 431
B 474 183
A 623 406
B 141 229
A 511 545
A 457 188
B 121 308
A 303 434
B 434 203
B 573 30
A 119 255
A 100 376
B 339 272
B 46 431
A 557 251
A 437 52
B 539 217
B 171 94
A 193 567
A 368 89
B 391 334
B 435 55
A 145 66
B 191 78
B 229 9
A 284 439
B 621 535
B 50 482
B 94 9
B 408 431
B 221 128
A 134 118
A 210 342
A 72 500
B 426 111
B 545 376
B 293 10
A 338 185
B 33 339
A 240 383
B 371 308
A 103 178
A 515 612
B 185 10
A 137 13
B 220 30
A 29 139
B 422 125
B 461 33
A 109 225
B 621 147
B 94 303
A 464 41
A 288 555
A 358 73
A 394 447
A 438 408
B 460 620
A 118 276
B 622 262
B 354 217
A 597 94
A 241 560
B 16 276
A 621 384
B 438 573
A 91 151
A 301 299
B 153 557
B 241 125
A 19 398
A 408 572
A 402 411
A 183 604
B 395 105
A 471 153
B 86 261
B 189 175
A 608 408
B 33 105
B 457 68
A 596 467
B 425 576
B 67 236
B 139 511
A 340 251
B 376 178
B 72 511
B 556 525
A 587 327
B 471 561
A 573 523
B 473 509
A 350 65
A 361 8
B 516 449
B 193 479
B 312 153
B 395 487
A 295 65
B 44 525
B 226 241
A 375 159
B 408 91
B 557 396
B 179 616
B 40 572
B 482 279
A 207 411
B 245 358
A 429 315
A 360 350
B 455 533
B 204 297
B 408 68
A 13 301
A 603 305
A 102 47
B 243 95
A 578 9
B 183 568
B 584 8
B 486 535
B 157 525
A 9 254
A 606 404
A 162 447
B 33 279
B 434 299
B 498 162
B 126 252
B 226 94
B 229 254
B 410 426
B 492 386
B 135 379
A 51 121
A 600 566
B 545 131
A 617 260
A 227 539
B 369 139
A 499 493
B 477 227
B 591 236
B 561 348
A 72 92
A 289 307
A 40 492
A 263 143
A 194 52
A 308 470
B 375 520
B 72 408
B 340 288
A 288 378
B 81 193
A 424 212
A 435 554
A 589 146
B 10 267
A 72 84
A 109 303
A 247 568
A 569 241
B 7 193
B 201 153
A 220 154
A 553 58
A 493 208
A 119 578
B 271 247
A 347 45
B 71 159
B 361 250
B 210 190
A 571 412
A 225 332
A 594 567
B 514 244
B 554 325
B 395 181
A 287 57
A 107 594
A 77 471
A 394 250
A 578 215
A 411 211
B 124 408
B 154 193
A 549 132
A 301 267
A 518 447
B 3 103
A 161 578
A 108 168
A 477 475
B 203 161
A 615 394
B 110 212
B 188 604
A 576 152
B 287 236
A 453 209
B 437 110
A 281 318
B 175 44
B 384 542
B 146 52
B 529 435
A 7 251
A 165 488
B 35 212
B 468 254
B 145 392
B 429 451
B 437 288
B 365 463
B 271 448
A 424 541
A 33 553
B 573 486
B 232 187
B 376 601
B 356 303
A 480 191
B 525 463
B 123 7
B 67 30
B 515 457
B 464 78
A 542 16
A 119 613
A 273 563
A 548 478
A 595 537
B 16 238
A 43 237
A 15 248
A 349 112
B 300 65
B 16 350
B 165 363
B 267 455
B 33 303
B 340 568
B 507 320
A 176 577
B 136 533
A 331 6
B 248 445
A 30 413
A 309 200
B 507 217
A 303 122
B 320 628
B 231 5
A 429 123
B 162 616
B 181 438
B 149 445
B 576 435
B 225 508
A 53 597
B 369 18
A 124 583
A 180 518
A 539 88
B 624 543
A 38 444
B 248 447
A 511 288
B 199 606
B 95 623
B 471 342
A 211 584
A 290 621
B 16 136
A 520 69
A 403 126
A 446 179
A 431 502
B 500 152
A 269 175
A 631 391
A 631 346
A 262 120
A 29 554
B 214 365
B 404 23
B 455 94
B 440 422
A 275 103
A 219 136
A 118 223
B 75 247
B 460 516
A 435 514
A 337 388
B 525 433
B 72 46
A 27 352
A 224 532
B 435 204
A 360 452
B 575 419
A 390 451
A 508 542
A 4 355
A 431 133
A 282 78
A 64 56
B 342 225
B 27 383
B 383 376
A 496 100
A 464 428
B 437 444
A 45 414
B 214 180
B 583 408
B 408 569
A 247 135
B 474 139
