981370 601260
1800209 2903143
2030210 233435
1892392 1440043
53864958 348812787
1697 1386
2762474 2173440
6214 31453
5264498 24112069
2541176 5661664
126678265 56886075
1037885 2525907
23830 30984
14299878 12127177
297563 204155
1823438 742455
21821798 827655631
45674 16307
4297200 1499843
997387903 599567505
3573 23143
712275 329474
1964715 1656081
620417378 634514892
950234095 826620652
4453324 663544
760522725 803302203
1751394 5894802
8722 3180
10946 1293
9963 25623
11355503 2543115
18351 76264
117254 96723
8650 27966
241651 105465
34655222 150709935
4972 9895
7820 19018
11212 3748
127945373 803781535
198135868 53089674
15751 2186
32986 8998
7626841 5314671
5768404 13259087
828437185 891145069
620047954 632548417
25648650 9779155
23340 41665
8365 24414
1001838 1444107
259870045 434759702
392766447 958511964
93963 410356
196085 316619
620962 452963
790289 1373307
17077 42654
314122 427861
9131 11781
11271825 30538490
982864 1338772
341218158 551820447
7404858 4018782
232202112 386245163
1708298 999427
2474 3209
79081 114469
359981 592439
582329108 944146858
1858 10094
7522 12684
523216948 297821318
42973624 144379572
168090 732844
926906814 401377856
10231497 14438502
127417663 236605832
76542 42631
41362 17966
17674833 5536049
1439781 1123530
198860314 45412270
136621854 126123838
238845 131562
184413 656772
804447521 110072953
931851843 513238776
1681518 1206633
1070 10521
1028828 4751648
1681472 358584
363339990 567630091
16873 26358
10033 9689
11853 1585
499096236 625538569
1712831 5794719
47316439 128664556
6635 8095
69836 39413
69909 20585
2886 2272
55113705 77904374
1607254 675436
25776 30514
12218 6408
240538 55104
60184537 229376289
345497529 713354877
60052172 94652483
2773317 772688
588320695 19951167
663493103 764460511
302049695 714481879
394370408 775160608
2370575 2933831
228567020 134198081
134673434 343833278
324415817 592995925
113371 93092
14958 6994
215831020 18490497
51073715 91486699
9090 35477
24119 16477
662292458 20487259
34893 19106
63210 272986
34949 56654
17950670 15238487
964707526 173422017
